1292889603 1.876063 47.880906
1292889606 1.876087 47.881993
1292889609 1.876133 47.876492
1292889612 1.876086 47.880941
1292889615 1.876130 47.881031
1292889618 1.876171 47.876520
1292889621 1.876145 47.880786
1292889624 1.876175 47.877364
1292889627 1.876242 47.872479
1292889630 1.876225 47.874828
1292889633 1.876322 47.871425
1292889636 1.876341 47.867023
1292889639 1.876371 47.864401
1292889642 1.876366 47.863322
1292889645 1.876320 47.863056
1292889648 1.876333 47.864547
1292889651 1.876398 47.864028
1292889654 1.876373 47.863537
1292889657 1.876337 47.863535
1292889660 1.876466 47.857816
1292889663 1.876463 47.857294
1292889666 1.876408 47.854648
1292889669 1.876461 47.858710
1292889672 1.876470 47.852140
1292889675 1.876432 47.858422
1292889678 1.876466 47.858878
1292889681 1.876495 47.853794
1292889684 1.876462 47.858715
1292889687 1.876490 47.860176
1292889690 1.876545 47.854136
1292889693 1.876523 47.857162
1292889696 1.876526 47.860249
1292889699 1.876583 47.854039
1292889702 1.876569 47.856685
1292889705 1.876619 47.857814
1292889708 1.876643 47.852508
1292889711 1.876644 47.855174
1292889714 1.876652 47.855000
1292889717 1.876665 47.852703
1292889720 1.876691 47.854178
1292889723 1.876731 47.856220
1292889726 1.876734 47.852722
1292889729 1.876727 47.856276
1292889732 1.876779 47.855662
1292889735 1.876814 47.851505
1292889738 1.876772 47.855139
1292889741 1.876823 47.856343
1292889744 1.876872 47.851352
1292889747 1.876824 47.856589
1292889750 1.876860 47.856421
1292889753 1.876932 47.851236
1292889756 1.876899 47.856284
1292889759 1.876905 47.856870
1292889762 1.876964 47.853359
1292889765 1.876978 47.855263
1292889768 1.876954 47.858442
1292889771 1.876976 47.854111
1292889774 1.876995 47.855803
1292889777 1.876998 47.858040
1292889780 1.877022 47.853951
1292889783 1.877017 47.857761
1292889786 1.877041 47.859165
1292889789 1.877059 47.855873
1292889792 1.877054 47.859584
1292889795 1.877095 47.858030
1292889798 1.877113 47.855184
1292889801 1.877083 47.859861
1292889804 1.877111 47.860767
1292889807 1.877154 47.856470
1292889810 1.877138 47.861550
1292889813 1.877148 47.860600
1292889816 1.877217 47.855898
1292889819 1.877228 47.858421
1292889822 1.877203 47.858414
1292889825 1.877244 47.856820
1292889828 1.877290 47.859258
1292889831 1.877264 47.860980
1292889834 1.877278 47.857820
1292889837 1.877301 47.860927
1292889840 1.877341 47.859972
1292889843 1.877338 47.857668
1292889846 1.877340 47.861195
1292889849 1.877415 47.859751
1292889852 1.877411 47.858294
1292889855 1.877379 47.863244
1292889858 1.877427 47.863276
1292889861 1.877486 47.858281
1292889864 1.877417 47.863797
1292889867 1.877441 47.864956
1292889870 1.877486 47.860541
1292889873 1.877456 47.864502
1292889876 1.877482 47.864091
1292889879 1.877524 47.860508
1292889882 1.877522 47.862656
1292889885 1.877543 47.862223
1292889888 1.877584 47.859850
1292889891 1.877599 47.862918
1292889894 1.877620 47.864668
1292889897 1.877628 47.860069
1292889900 1.877637 47.863790
1292889903 1.877694 47.864352
1292889906 1.877712 47.859926
1292889909 1.877693 47.863400
1292889912 1.877757 47.863191
1292889915 1.877781 47.859304
1292889918 1.877758 47.862449
1292889921 1.877813 47.863698
1292889924 1.877854 47.858413
1292889927 1.877804 47.864539
