1291334400  7.1 55 1014.4
1291334460  7.1 55 1014.4
1291334520  7.1 55 1014.4
1291334580  7.0 55 1014.4
1291334640  7.0 55 1014.4
1291334700  7.0 55 1014.5
1291334760  7.1 55 1014.5
1291334820  7.1 55 1014.5
1291334880  7.0 55 1014.4
1291334940  7.0 55 1014.4
1291335000  7.0 55 1014.4
1291335060  7.0 55 1014.4
1291335120  7.0 55 1014.3
1291335180  7.1 55 1014.4
1291335240  7.1 55 1014.4
1291335300  7.0 55 1014.4
1291335360  7.0 55 1014.4
1291335420  7.0 55 1014.4
1291335480  7.1 55 1014.4
1291335540  7.0 55 1014.5
1291335600  7.0 55 1014.4
1291335660  7.1 55 1014.4
1291335720  7.0 55 1014.4
1291335780  7.1 55 1014.4
1291335840  7.0 55 1014.4
1291335900  7.0 55 1014.4
1291335960  7.1 55 1014.4
1291336020  7.1 55 1014.4
1291336080  7.1 55 1014.4
1291336140  7.1 55 1014.4
1291336200  7.1 55 1014.4
1291336260  7.1 55 1014.5
1291336320  7.1 55 1014.4
1291336380  7.1 55 1014.4
1291336440  7.0 55 1014.4
1291336500  7.1 55 1014.4
1291336560  7.1 55 1014.4
1291336620  7.1 55 1014.4
1291336680  7.1 55 1014.4
1291336740  7.0 55 1014.4
1291336800  7.1 55 1014.4
1291336860  7.1 55 1014.4
1291336920  7.1 55 1014.4
1291336980  7.0 55 1014.3
1291337040  7.0 55 1014.4
1291337100  7.1 55 1014.4
1291337160  7.0 55 1014.4
1291337220  7.0 55 1014.4
1291337280  7.0 55 1014.5
1291337340  7.0 55 1014.4
1291337400  7.1 55 1014.4
1291337460  7.0 55 1014.4
1291337520  7.1 55 1014.3
1291337580  7.1 55 1014.3
1291337640  7.1 55 1014.4
1291337700  7.1 55 1014.4
1291337760  7.0 55 1014.4
1291337820  7.0 55 1014.4
1291337880  7.0 55 1014.3
1291337940  7.1 55 1014.4
1291338000  7.1 55 1014.3
1291338060  7.1 55 1014.3
1291338120  7.1 55 1014.4
1291338180  7.1 55 1014.3
1291338240  7.1 55 1014.3
1291338300  7.1 55 1014.4
1291338360  7.1 55 1014.4
1291338420  7.1 55 1014.4
1291338480  7.0 55 1014.3
1291338540  7.1 55 1014.3
1291338600  7.1 55 1014.3
1291338660  7.1 55 1014.3
1291338720  7.0 55 1014.3
1291338780  7.0 55 1014.3
1291338840  7.0 55 1014.3
1291338900  7.0 55 1014.2
1291338960  7.0 55 1014.3
1291339020  7.0 55 1014.3
1291339080  7.0 55 1014.3
1291339140  7.0 55 1014.3
1291339200  7.0 55 1014.3
1291339260  7.0 55 1014.3
1291339320  7.0 55 1014.3
1291339380  7.0 55 1014.3
1291339440  7.0 55 1014.3
1291339500  7.0 55 1014.3
1291339560  7.0 55 1014.3
1291339620  7.0 55 1014.3
1291339680  7.0 55 1014.3
1291339740  7.0 55 1014.3
1291339800  7.0 55 1014.2
1291339860  7.0 55 1014.3
1291339920  7.0 55 1014.3
1291339980  7.0 55 1014.3
1291340040  7.0 55 1014.3
1291340100  7.0 55 1014.3
1291340160  7.0 55 1014.3
1291340220  7.0 55 1014.3
1291340280  7.0 55 1014.3
1291340340  7.0 55 1014.3
1291340400  7.0 55 1014.3
1291340460  7.0 55 1014.3
1291340520  7.0 55 1014.3
1291340580  7.0 55 1014.4
1291340640  7.0 55 1014.3
1291340700  7.0 55 1014.3
1291340760  7.0 55 1014.2
1291340820  7.0 55 1014.2
1291340880  7.0 55 1014.2
1291340940  7.0 55 1014.3
1291341000  7.0 55 1014.4
1291341060  7.0 55 1014.3
1291341120  7.0 55 1014.3
1291341180  7.0 55 1014.3
1291341240  7.0 55 1014.3
1291341300  7.0 55 1014.4
1291341360  7.0 55 1014.3
1291341420  7.0 55 1014.4
1291341480  7.0 55 1014.3
1291341540  7.0 55 1014.3
1291341600  7.0 55 1014.4
1291341660  7.0 55 1014.5
1291341720  7.0 55 1014.4
1291341780  7.0 55 1014.4
1291341840  7.0 55 1014.5
1291341900  7.0 55 1014.5
1291341960  7.0 55 1014.4
1291342020  7.0 55 1014.4
1291342080  7.0 55 1014.4
1291342140  7.0 55 1014.4
1291342200  7.0 55 1014.4
1291342260  7.0 55 1014.4
1291342320  7.0 55 1014.4
1291342380  7.0 55 1014.4
1291342440  7.0 55 1014.4
1291342500  7.0 55 1014.4
1291342560  7.0 55 1014.4
1291342620  7.0 55 1014.4
1291342680  7.0 55 1014.4
1291342740  7.0 55 1014.4
1291342800  7.0 55 1014.4
1291342860  7.0 55 1014.4
1291342920  7.0 55 1014.4
1291342980  7.0 55 1014.4
1291343040  7.0 55 1014.4
1291343100  7.0 55 1014.4
1291343160  7.0 55 1014.4
1291343220  7.0 55 1014.4
1291343280  7.0 55 1014.4
1291343340  7.0 55 1014.4
1291343400  7.0 55 1014.4
1291343460  7.0 55 1014.4
1291343520  7.0 55 1014.4
1291343580  7.0 55 1014.3
1291343640  7.0 55 1014.4
1291343700  7.0 55 1014.3
1291343760  7.0 55 1014.3
1291343820  7.0 55 1014.3
1291343880  7.0 55 1014.3
1291343940  7.0 55 1014.3
1291344000  7.0 55 1014.3
1291344060  7.0 55 1014.3
1291344120  7.0 55 1014.3
1291344180  7.0 55 1014.3
1291344240  7.0 55 1014.3
1291344300  7.0 55 1014.3
1291344360  7.0 55 1014.4
1291344420  7.0 55 1014.3
1291344480  7.0 55 1014.3
1291344600  7.0 55 1014.3
1291344660  7.0 55 1014.3
1291344720  7.0 55 1014.3
1291344780  7.0 55 1014.3
1291344840  7.0 55 1014.4
1291344900  7.0 55 1014.3
1291344960  7.0 55 1014.3
1291345020  7.0 55 1014.2
1291345080  7.0 55 1014.2
1291345140  7.0 55 1014.2
1291345200  7.0 55 1014.4
1291345260  7.0 55 1014.3
1291345320  7.0 55 1014.2
1291345380  7.0 55 1014.2
1291345440  7.0 55 1014.3
1291345500  7.0 55 1014.4
1291345560  7.0 55 1014.3
1291345620  7.0 55 1014.3
1291345680  7.0 55 1014.3
1291345740  7.0 55 1014.3
1291345800  7.0 55 1014.3
1291345860  7.0 55 1014.3
1291345920  7.0 55 1014.2
1291345980  7.0 55 1014.3
1291346040  7.0 55 1014.3
1291346100  7.0 55 1014.2
1291346160  7.0 55 1014.3
1291346220  7.0 55 1014.2
1291346280  7.0 55 1014.2
1291346340  7.0 55 1014.2
1291346400  7.0 55 1014.2
1291346460  7.0 55 1014.2
1291346520  7.0 55 1014.1
1291346580  7.0 55 1014.2
1291346640  7.0 55 1014.2
1291346700  7.0 55 1014.1
1291346760  7.0 55 1014.2
1291346820  7.0 55 1014.2
1291346880  6.9 55 1014.3
1291346940  6.9 55 1014.3
1291347000  7.0 55 1014.3
1291347060  7.0 55 1014.2
1291347120  7.0 55 1014.3
1291347180  7.0 55 1014.2
1291347240  6.9 55 1014.2
1291347300  6.9 55 1014.3
1291347360  7.0 55 1014.2
1291347420  6.9 55 1014.2
1291347480  6.9 55 1014.2
1291347540  6.9 55 1014.2
1291347600  6.9 55 1014.3
1291347660  7.0 55 1014.2
1291347720  6.9 55 1014.2
1291347780  7.0 55 1014.2
1291347840  6.9 55 1014.2
1291347900  6.9 55 1014.2
1291347960  6.9 55 1014.2
1291348020  7.0 55 1014.2
1291348080  7.0 55 1014.2
1291348140  7.0 55 1014.2
1291348200  6.9 55 1014.2
1291348260  6.9 55 1014.2
1291348320  6.9 55 1014.2
1291348380  6.9 55 1014.2
1291348440  6.9 55 1014.2
1291348500  6.9 55 1014.2
1291348560  6.9 55 1014.1
1291348620  6.9 55 1014.1
1291348680  6.9 55 1014.2
1291348740  6.9 55 1014.2
1291348800  6.9 55 1014.2
1291348860  6.9 55 1014.1
1291348920  6.9 55 1014.2
1291348980  6.9 55 1014.1
1291349040  6.9 55 1014.1
1291349100  6.9 55 1014.2
1291349160  6.9 55 1014.1
1291349220  6.9 55 1014.1
1291349280  6.9 55 1014.1
1291349340  6.9 55 1014.1
1291349400  6.9 55 1014.1
1291349460  6.9 55 1014.1
1291349520  6.9 55 1014.1
1291349580  6.9 55 1014.1
1291349640  6.9 55 1014.1
1291349700  6.9 55 1014.1
1291349760  6.9 55 1014.0
1291349820  6.9 55 1014.1
1291349880  6.9 55 1014.0
1291349940  6.9 55 1014.0
1291350000  6.9 55 1014.0
1291350060  6.9 55 1014.1
1291350120  6.9 55 1014.0
1291350180  6.9 55 1014.1
1291350240  6.9 55 1014.1
1291350300  6.9 55 1014.0
1291350360  6.9 55 1014.2
1291350420  6.9 55 1014.1
1291350480  6.9 55 1014.1
1291350540  6.9 55 1014.1
1291350600  6.9 55 1014.1
1291350660  6.9 55 1014.1
1291350720  6.9 55 1014.1
1291350780  6.9 55 1014.2
1291350840  6.9 55 1014.2
1291350900  6.9 55 1014.1
1291350960  6.9 55 1014.2
1291351020  6.9 55 1014.2
1291351080  6.9 55 1014.1
1291351140  6.9 55 1014.1
1291351200  6.9 55 1014.1
1291351260  6.9 55 1014.1
1291351320  6.9 55 1014.1
1291351380  6.9 55 1014.1
1291351440  6.9 55 1014.1
1291351500  6.9 55 1014.2
1291351560  6.9 55 1014.2
1291351620  6.9 55 1014.1
1291351680  6.9 55 1014.2
1291351740  6.9 55 1014.2
1291351800  6.9 55 1014.2
1291351860  6.9 55 1014.2
1291351920  6.9 55 1014.2
1291351980  6.9 55 1014.1
1291352040  6.9 55 1014.1
1291352100  6.9 55 1014.2
1291352160  6.9 55 1014.2
1291352220  6.9 55 1014.1
1291352280  6.9 55 1014.2
1291352340  6.9 55 1014.2
1291352400  6.9 55 1014.2
1291352460  6.9 55 1014.2
1291352520  6.9 55 1014.2
1291352580  6.9 55 1014.2
1291352640  6.9 55 1014.2
1291352700  6.9 55 1014.2
1291352760  6.9 55 1014.1
1291352820  6.9 55 1014.1
1291352880  6.9 55 1014.1
1291352940  6.9 55 1014.0
1291353000  6.9 55 1014.1
1291353060  6.9 55 1014.1
1291353120  6.9 55 1014.1
1291353180  6.9 55 1014.0
1291353240  6.9 55 1014.1
1291353360  6.9 55 1014.0
1291353420  6.9 55 1014.0
1291353480  6.9 55 1014.0
1291353540  6.9 55 1014.0
1291353600  6.9 55 1014.0
1291353660  6.9 55 1014.0
1291353720  6.9 55 1014.0
1291353780  6.9 55 1014.0
1291353840  6.9 55 1014.1
1291353900  6.9 55 1014.0
1291353960  6.9 55 1013.9
1291354020  6.9 55 1014.0
1291354080  6.9 55 1014.0
1291354140  6.9 55 1013.9
1291354200  6.9 55 1014.0
1291354260  6.9 55 1014.0
1291354320  6.9 55 1014.0
1291354380  6.9 55 1014.0
1291354440  6.9 55 1013.9
1291354500  6.9 55 1014.0
1291354560  6.9 55 1014.0
1291354620  6.9 55 1014.0
1291354680  6.9 55 1014.0
1291354740  6.9 55 1013.9
1291354800  6.9 55 1014.0
1291354860  6.9 55 1014.0
1291354920  6.9 55 1014.0
1291354980  6.9 55 1014.0
1291355040  6.9 55 1014.0
1291355100  6.9 55 1013.9
1291355160  6.9 55 1014.0
1291355220  6.9 55 1014.0
1291355280  6.9 55 1013.9
1291355340  6.9 55 1014.0
1291355400  6.8 55 1014.0
1291355460  6.9 55 1014.0
1291355520  6.9 55 1014.0
1291355580  6.9 55 1013.9
1291355640  6.9 55 1014.0
1291355700  6.9 55 1013.9
1291355760  6.8 55 1014.0
1291355820  6.9 55 1014.0
1291355880  6.9 55 1014.0
1291356000  6.9 55 1014.0
1291356060  6.8 55 1014.0
1291356120  6.8 55 1014.0
1291356180  6.8 55 1014.1
1291356240  6.8 55 1014.0
1291356300  6.8 55 1014.0
1291356360  6.8 55 1014.0
1291356420  6.8 55 1014.1
1291356480  6.8 55 1014.1
1291356540  6.8 55 1014.0
1291356600  6.8 55 1014.0
1291356660  6.8 55 1014.0
1291356720  6.8 55 1014.0
1291356780  6.8 55 1013.9
1291356840  6.8 55 1014.0
1291356900  6.8 55 1014.0
1291356960  6.8 55 1013.9
1291357020  6.8 55 1013.9
1291357080  6.8 55 1013.9
1291357140  6.8 55 1014.0
1291357200  6.8 55 1014.0
1291357260  6.8 55 1014.0
1291357320  6.8 55 1014.0
1291357380  6.8 55 1013.9
1291357440  6.8 55 1013.9
1291357500  6.8 55 1013.9
1291357560  6.8 55 1013.9
1291357620  6.8 55 1013.9
1291357680  6.8 55 1013.9
1291357740  6.8 55 1013.9
1291357800  6.8 55 1013.9
1291357860  6.8 55 1013.9
1291357920  6.8 55 1013.9
1291357980  6.8 55 1013.9
1291358040  6.8 55 1013.9
1291358100  6.8 55 1013.8
1291358160  6.8 55 1013.9
1291358220  6.8 55 1013.9
1291358280  6.8 55 1013.9
1291358340  6.8 55 1013.9
1291358400  6.8 55 1013.9
1291358460  6.8 55 1013.9
1291358520  6.8 55 1013.9
1291358580  6.8 55 1013.9
1291358640  6.8 55 1014.0
1291358700  6.8 55 1014.0
1291358760  6.8 55 1014.0
1291358820  6.8 55 1014.0
1291358880  6.8 55 1013.9
1291358940  6.8 55 1014.0
1291359000  6.8 55 1014.0
1291359060  6.8 55 1014.1
1291359120  6.8 55 1014.1
1291359180  6.8 55 1014.1
1291359240  6.8 55 1014.1
1291359300  6.8 55 1014.0
1291359360  6.8 55 1014.0
1291359420  6.8 55 1014.0
1291359480  6.8 55 1014.0
1291359540  6.8 55 1014.0
1291359600  6.8 55 1014.0
1291359660  6.8 55 1014.0
1291359720  6.8 55 1014.0
1291359780  6.8 55 1014.0
1291359840  6.8 55 1013.9
1291359900  6.8 55 1014.0
1291359960  6.8 55 1014.0
1291360020  6.8 55 1013.9
1291360080  6.8 55 1013.9
1291360140  6.8 55 1013.9
1291360200  6.8 55 1014.0
1291360260  6.8 55 1014.0
1291360320  6.8 55 1014.0
1291360380  6.8 55 1014.0
1291360440  6.8 55 1013.9
1291360500  6.8 55 1013.9
1291360560  6.8 55 1013.9
1291360620  6.8 55 1013.9
1291360680  6.8 55 1014.0
1291360740  6.8 55 1013.9
1291360800  6.8 55 1014.0
1291360860  6.8 55 1014.0
1291360920  6.8 55 1014.0
1291360980  6.8 55 1014.0
1291361040  6.8 55 1014.0
1291361100  6.8 55 1014.0
1291361160  6.8 55 1014.1
1291361220  6.8 55 1014.1
1291361280  6.8 55 1014.1
1291361340  6.8 55 1014.1
1291361400  6.8 55 1014.0
1291361460  6.8 55 1014.0
1291361520  6.8 55 1014.1
1291361580  6.8 55 1014.0
1291361640  6.8 55 1014.0
1291361700  6.8 55 1014.1
1291361760  6.8 55 1014.0
1291361820  6.8 55 1014.0
1291361880  6.8 55 1014.0
1291361940  6.8 55 1014.1
1291362000  6.8 55 1014.1
1291362060  6.8 55 1014.1
1291362120  6.8 55 1014.1
1291362180  6.8 55 1014.1
1291362240  6.8 55 1014.1
1291362300  6.8 55 1014.1
1291362360  6.8 55 1014.3
1291362420  6.8 55 1014.5
1291362480  6.8 55 1014.3
1291362540  6.8 55 1014.4
1291362600  6.8 55 1014.4
1291362660  6.8 55 1014.5
1291362720  6.8 55 1014.4
1291362780  6.8 55 1014.4
1291362840  6.8 55 1014.4
1291362900  6.8 56 1014.4
1291362960  6.8 56 1014.4
1291363020  6.8 56 1014.4
1291363080  6.8 56 1014.5
1291363140  6.8 56 1014.5
1291363200  6.8 56 1014.4
1291363260  6.8 57 1014.5
1291363320  6.8 56 1014.4
1291363380  6.8 56 1014.4
1291363440  6.8 56 1014.4
1291363500  6.8 56 1014.6
1291363560  6.8 56 1014.4
1291363620  6.8 56 1014.4
1291363680  6.8 56 1014.5
1291363740  6.8 56 1014.6
1291363800  6.8 56 1014.5
1291363860  6.8 56 1014.6
1291363920  6.8 56 1014.5
1291363980  6.8 56 1014.5
1291364040  6.8 56 1014.5
1291364100  6.8 56 1014.5
1291364160  6.8 56 1014.5
1291364220  6.8 56 1014.4
1291364280  6.8 56 1014.6
1291364340  6.8 56 1014.5
1291364400  6.8 56 1014.6
1291364460  6.8 56 1014.6
1291364520  6.8 56 1014.6
1291364580  6.8 55 1014.6
1291364640  6.8 55 1014.6
1291364700  6.8 55 1014.6
1291364760  6.8 55 1014.6
1291364820  6.8 55 1014.5
1291364880  6.8 55 1014.5
1291364940  6.8 55 1014.5
1291365000  6.8 55 1014.5
1291365060  6.8 55 1014.6
1291365120  6.8 55 1014.6
1291365180  6.8 55 1014.6
1291365240  6.8 55 1014.6
1291365300  6.8 55 1014.6
1291365360  6.8 55 1014.6
1291365420  6.8 55 1014.6
1291365480  6.8 55 1014.6
1291365540  6.8 55 1014.6
1291365600  6.8 55 1014.6
1291365660  6.8 55 1014.6
1291365720  6.8 55 1014.6
1291365780  6.8 55 1014.6
1291365840  6.8 55 1014.6
1291365900  6.8 55 1014.6
1291365960  6.8 55 1014.6
1291366020  6.8 55 1014.6
1291366080  6.8 55 1014.6
1291366140  6.8 55 1014.5
1291366200  6.8 55 1014.6
1291366260  6.8 55 1014.5
1291366320  6.8 55 1014.6
1291366380  6.8 55 1014.6
1291366440  6.8 55 1014.6
1291366500  6.8 55 1014.6
1291366560  6.8 55 1014.6
1291366620  6.8 55 1014.6
1291366680  6.8 55 1014.6
1291366740  6.8 55 1014.6
1291366800  6.8 55 1014.6
1291366860  6.8 55 1014.5
1291366920  6.8 55 1014.5
1291366980  6.8 55 1014.5
1291367040  6.8 55 1014.5
1291367100  6.8 55 1014.5
1291367160  6.8 55 1014.5
1291367220  6.8 55 1014.5
1291367280  6.8 55 1014.5
1291367340  6.8 55 1014.5
1291367400  6.8 55 1014.5
1291367460  6.8 55 1014.5
1291367520  6.8 55 1014.5
1291367580  6.8 55 1014.5
1291367640  6.8 55 1014.5
1291367700  6.8 55 1014.6
1291367760  6.8 55 1014.6
1291367820  6.8 55 1014.5
1291367880  6.8 55 1014.6
1291367940  6.8 55 1014.5
1291368000  6.8 55 1014.5
1291368060  6.8 55 1014.6
1291368120  6.8 55 1014.5
1291368180  6.8 55 1014.5
1291368240  6.8 55 1014.5
1291368300  6.8 55 1014.5
1291368360  6.8 55 1014.5
1291368420  6.8 55 1014.6
1291368480  6.8 55 1014.5
1291368540  6.8 55 1014.5
1291368600  6.8 55 1014.6
1291368660  6.8 55 1014.6
1291368720  6.8 55 1014.6
1291368780  6.8 55 1014.6
1291368840  6.8 55 1014.6
1291368900  6.8 55 1014.6
1291368960  6.8 55 1014.6
1291369020  6.8 55 1014.6
1291369080  6.8 55 1014.5
1291369140  6.8 55 1014.6
1291369200  6.8 55 1014.5
1291369260  6.8 55 1014.5
1291369320  6.8 55 1014.6
1291369380  6.8 55 1014.5
1291369440  6.8 55 1014.5
1291369500  6.8 55 1014.5
1291369560  6.8 55 1014.5
1291369620  6.8 55 1014.6
1291369680  6.8 55 1014.5
1291369740  6.8 55 1014.5
1291369800  6.8 55 1014.5
1291369860  6.8 55 1014.4
1291369920  6.8 55 1014.5
1291369980  6.8 55 1014.5
1291370040  6.8 55 1014.5
1291370100  6.8 55 1014.5
1291370160  6.8 55 1014.5
1291370220  6.8 55 1014.6
1291370280  6.8 55 1014.6
1291370340  6.8 55 1014.5
1291370400  6.8 55 1014.6
1291370460  6.8 55 1014.6
1291370520  6.8 55 1014.6
1291370580  6.8 55 1014.7
1291370640  6.8 55 1014.7
1291370700  6.8 55 1014.6
1291370760  6.8 55 1014.6
1291370820  6.8 55 1014.6
1291370880  6.8 55 1014.7
1291370940  6.8 55 1014.8
1291371000  6.8 55 1014.8
1291371060  6.8 55 1014.7
1291371120  6.8 55 1014.8
1291371180  6.8 55 1014.6
1291371240  6.8 55 1014.7
1291371300  6.8 55 1014.7
1291371360  6.8 55 1014.7
1291371420  6.8 55 1014.7
1291371480  6.8 55 1014.6
1291371540  6.8 55 1014.6
1291371600  6.8 55 1014.6
1291371660  6.8 55 1014.6
1291371720  6.8 55 1014.5
1291371780  6.8 55 1014.6
1291371840  6.8 55 1014.6
1291371900  6.8 55 1014.6
1291371960  6.8 55 1014.6
1291372020  6.8 55 1014.6
1291372080  6.8 55 1014.7
1291372140  6.8 55 1014.5
1291372200  6.8 55 1014.6
1291372260  6.8 55 1014.6
1291372320  6.8 55 1014.5
1291372380  6.8 55 1014.5
1291372440  6.8 55 1014.5
1291372500  6.8 55 1014.5
1291372560  6.8 55 1014.5
1291372620  6.8 55 1014.5
1291372680  6.8 55 1014.5
1291372740  6.8 55 1014.5
1291372800  6.8 55 1014.5
1291372860  6.8 55 1014.5
1291372920  6.8 55 1014.5
1291372980  6.8 55 1014.5
1291373040  6.8 55 1014.4
1291373100  6.8 55 1014.4
1291373160  6.8 55 1014.4
1291373220  6.8 55 1014.4
1291373280  6.8 55 1014.4
1291373340  6.8 55 1014.5
1291373400  6.8 55 1014.5
1291373460  6.8 55 1014.5
1291373520  6.8 55 1014.4
1291373580  6.8 55 1014.5
1291373640  6.8 55 1014.4
1291373700  6.8 55 1014.5
1291373760  6.8 55 1014.5
1291373820  6.8 55 1014.5
1291373880  6.8 55 1014.5
1291373940  6.8 55 1014.5
1291374000  6.8 55 1014.5
1291374060  6.8 55 1014.5
1291374120  6.8 55 1014.5
1291374180  6.8 55 1014.4
1291374240  6.8 55 1014.5
1291374300  6.8 55 1014.5
1291374360  6.8 55 1014.5
1291374420  6.8 55 1014.5
1291374480  6.8 55 1014.5
1291374540  6.8 55 1014.5
1291374600  6.8 55 1014.5
1291374660  6.8 55 1014.5
1291374720  6.8 55 1014.4
1291374780  6.8 55 1014.4
1291374840  6.8 55 1014.3
1291374900  6.8 55 1014.3
1291374960  6.8 55 1014.3
1291375020  6.8 55 1014.3
1291375080  6.8 55 1014.3
1291375140  6.8 55 1014.2
1291375200  6.8 55 1014.2
1291375260  6.8 55 1014.1
1291375320  6.8 55 1014.1
1291375380  6.8 55 1014.2
1291375440  6.8 55 1014.2
1291375500  6.8 55 1014.2
1291375560  6.8 55 1014.2
1291375620  6.8 55 1014.2
1291375680  6.8 55 1014.2
1291375740  6.8 55 1014.1
1291375800  6.8 55 1014.1
1291375860  6.8 55 1014.2
1291375920  6.8 55 1014.2
1291375980  6.8 55 1014.2
1291376040  6.8 55 1014.2
1291376100  6.8 55 1014.2
1291376160  6.8 55 1014.2
1291376220  6.8 55 1014.2
1291376280  6.8 55 1014.0
1291376340  6.8 55 1014.1
1291376400  6.8 55 1014.1
1291376460  6.8 55 1014.1
1291376520  6.8 55 1014.1
1291376580  6.8 55 1014.1
1291376640  6.8 55 1014.1
1291376700  6.8 55 1014.1
1291376760  6.8 55 1014.1
1291376820  6.8 55 1014.1
1291376880  6.8 55 1014.0
1291376940  6.8 55 1014.0
1291377000  6.8 55 1014.0
1291377060  6.8 55 1014.0
1291377120  6.8 55 1014.0
1291377180  6.8 55 1014.1
1291377240  6.8 55 1014.1
1291377300  6.8 55 1014.1
1291377360  6.8 55 1014.1
1291377420  6.8 55 1014.1
1291377480  6.8 55 1014.0
1291377540  6.8 55 1014.0
1291377600  6.8 55 1014.1
1291377660  6.8 55 1014.1
1291377720  6.8 55 1014.0
1291377780  6.8 55 1014.0
1291377840  6.8 55 1014.0
1291377900  6.8 55 1013.9
1291377960  6.8 55 1014.0
1291378020  6.8 55 1014.0
1291378080  6.8 55 1014.0
1291378140  6.8 55 1013.9
1291378200  6.8 55 1014.0
1291378260  6.8 55 1013.9
1291378320  6.8 55 1013.9
1291378380  6.8 55 1013.9
1291378440  6.8 55 1013.9
1291378500  6.8 55 1014.0
1291378560  6.8 55 1013.9
1291378620  6.8 55 1013.9
1291378680  6.8 55 1013.9
1291378740  6.8 55 1013.9
1291378800  6.8 55 1013.8
1291378860  6.8 55 1013.9
1291378920  6.8 55 1013.8
1291378980  6.8 55 1013.9
1291379040  6.8 55 1013.8
1291379100  6.8 55 1013.9
1291379160  6.8 55 1013.9
1291379220  6.8 55 1013.9
1291379280  6.8 55 1013.9
1291379340  6.8 55 1013.8
1291379400  6.8 55 1013.7
1291379460  6.8 55 1013.8
1291379520  6.8 56 1013.8
1291379580  6.8 55 1013.8
1291379640  6.8 55 1013.8
1291379700  6.8 55 1013.9
1291379760  6.8 55 1013.9
1291379820  6.8 55 1013.9
1291379880  6.8 55 1013.9
1291379940  6.8 55 1013.9
1291380000  6.8 55 1013.8
1291380060  6.8 55 1013.9
1291380120  6.8 55 1013.9
1291380180  6.8 55 1013.9
1291380240  6.8 55 1013.8
1291380300  6.8 55 1013.7
1291380360  6.8 55 1013.8
1291380420  6.8 55 1013.8
1291380480  6.8 55 1013.7
1291380540  6.8 55 1013.7
1291380600  6.8 55 1013.7
1291380660  6.8 55 1013.8
1291380720  6.8 56 1013.8
1291380780  6.8 56 1013.7
1291380840  6.8 55 1013.8
1291380900  6.8 55 1013.8
1291380960  6.8 55 1013.7
1291381020  6.8 55 1013.7
1291381080  6.8 55 1013.8
1291381140  6.8 55 1013.8
1291381200  6.8 56 1013.7
1291381260  6.8 56 1013.6
1291381320  6.8 55 1013.6
1291381380  6.8 55 1013.7
1291381440  6.8 56 1013.7
1291381500  6.8 55 1013.7
1291381560  6.8 55 1013.8
1291381620  6.8 55 1013.8
1291381680  6.8 56 1013.8
1291381740  6.8 56 1013.8
1291381800  6.8 55 1013.7
1291381860  6.8 55 1013.7
1291381920  6.8 55 1013.8
1291381980  6.8 55 1013.7
1291382040  6.8 55 1013.8
1291382100  6.8 56 1013.6
1291382160  6.8 55 1013.6
1291382220  6.8 55 1013.6
1291382280  6.8 55 1013.6
1291382340  6.8 55 1013.6
1291382400  6.8 55 1013.5
1291382460  6.8 55 1013.6
1291382520  6.8 56 1013.5
1291382580  6.8 55 1013.4
1291382640  6.8 56 1013.5
1291382700  6.8 55 1013.5
1291382760  6.8 55 1013.5
1291382820  6.8 56 1013.5
1291382880  6.8 55 1013.5
1291382940  6.8 55 1013.5
1291383000  6.8 55 1013.5
1291383060  6.8 55 1013.5
1291383120  6.8 56 1013.5
1291383180  6.8 56 1013.6
1291383240  6.8 55 1013.5
1291383300  6.8 55 1013.5
1291383360  6.8 56 1013.6
1291383420  6.8 55 1013.6
1291383480  6.8 55 1013.6
1291383540  6.8 55 1013.6
1291383600  6.8 56 1013.6
1291383660  6.8 56 1013.4
1291383720  6.8 55 1013.4
1291383780  6.8 55 1013.5
1291383840  6.8 56 1013.6
1291383900  6.8 55 1013.5
1291383960  6.8 56 1013.5
1291384020  6.8 56 1013.6
1291384080  6.8 56 1013.6
1291384140  6.8 56 1013.6
1291384200  6.8 56 1013.4
1291384260  6.8 56 1013.6
1291384320  6.8 56 1013.5
1291384380  6.8 55 1013.6
1291384440  6.8 56 1013.6
1291384500  6.8 56 1013.5
1291384560  6.8 56 1013.6
1291384620  6.8 55 1013.5
1291384680  6.8 56 1013.5
1291384740  6.8 56 1013.5
1291384800  6.8 56 1013.5
1291384860  6.8 55 1013.5
1291384920  6.8 56 1013.4
1291384980  6.8 56 1013.4
1291385040  6.8 56 1013.5
1291385100  6.8 56 1013.5
1291385160  6.8 56 1013.5
1291385220  6.8 56 1013.5
1291385280  6.8 56 1013.5
1291385340  6.8 56 1013.5
1291385400  6.8 56 1013.5
1291385460  6.8 56 1013.5
1291385520  6.8 56 1013.5
1291385580  6.8 56 1013.5
1291385640  6.8 56 1013.5
1291385700  6.8 56 1013.5
1291385760  6.8 56 1013.5
1291385820  6.8 56 1013.5
1291385880  6.8 56 1013.6
1291385940  6.8 56 1013.6
1291386000  6.8 56 1013.6
1291386060  6.8 56 1013.6
1291386120  6.8 56 1013.6
1291386180  6.8 56 1013.6
1291386240  6.8 56 1013.6
1291386300  6.8 56 1013.5
1291386360  6.8 56 1013.6
1291386420  6.8 56 1013.6
1291386480  6.8 56 1013.7
1291386540  6.8 56 1013.7
1291386600  6.8 56 1013.7
1291386660  6.8 56 1013.6
1291386720  6.8 56 1013.7
1291386780  6.8 56 1013.7
1291386840  6.8 56 1013.7
1291386900  6.8 56 1013.7
1291386960  6.8 56 1013.8
1291387020  6.8 56 1013.7
1291387080  6.8 56 1013.7
1291387140  6.8 56 1013.7
1291387200  6.8 56 1013.7
1291387260  6.8 56 1013.6
1291387320  6.8 56 1013.6
1291387380  6.8 56 1013.6
1291387440  6.8 56 1013.6
1291387500  6.8 56 1013.6
1291387560  6.8 56 1013.6
1291387620  6.8 56 1013.6
1291387680  6.8 56 1013.5
1291387740  6.8 56 1013.5
1291387800  6.8 56 1013.5
1291387860  6.8 56 1013.5
1291387920  6.8 56 1013.5
1291387980  6.8 56 1013.5
1291388040  6.8 56 1013.5
1291388100  6.8 56 1013.5
1291388160  6.8 56 1013.6
1291388220  6.8 56 1013.6
1291388280  6.8 56 1013.6
1291388340  6.8 56 1013.6
1291388400  6.8 56 1013.6
1291388460  6.8 56 1013.7
1291388520  6.8 56 1013.7
1291388580  6.8 56 1013.7
1291388640  6.8 56 1013.8
1291388700  6.8 56 1013.8
1291388760  6.8 56 1013.8
1291388820  6.8 56 1013.8
1291388880  6.8 56 1013.7
1291388940  6.8 56 1013.7
1291389000  6.8 56 1013.7
1291389060  6.8 56 1013.8
1291389120  6.8 56 1013.8
1291389180  6.8 56 1013.7
1291389240  6.8 56 1013.7
1291389300  6.8 56 1013.7
1291389360  6.8 56 1013.8
1291389420  6.8 56 1013.8
1291389480  6.8 56 1013.8
1291389540  6.8 56 1013.8
1291389600  6.8 56 1013.8
1291389660  6.8 56 1013.8
1291389720  6.8 56 1013.8
1291389780  6.8 56 1013.8
1291389840  6.8 56 1013.7
1291389900  6.8 56 1013.8
1291389960  6.8 56 1013.8
1291390020  6.8 56 1013.8
1291390080  6.8 56 1013.8
1291390140  6.8 56 1013.7
1291390200  6.8 55 1013.7
1291390260  6.8 55 1013.7
1291390320  6.8 55 1013.7
1291390380  6.8 56 1013.7
1291390440  6.8 56 1013.6
1291390500  6.8 56 1013.7
1291390560  6.8 56 1013.6
1291390620  6.8 56 1013.7
1291390680  6.8 55 1013.6
1291390740  6.8 56 1013.6
1291390800  6.8 55 1013.6
1291390860  6.8 55 1013.6
1291390920  6.8 55 1013.6
1291390980  6.8 56 1013.6
1291391040  6.8 56 1013.6
1291391100  6.8 55 1013.5
1291391160  6.8 56 1013.4
1291391220  6.8 55 1013.5
1291391280  6.8 55 1013.6
1291391340  6.8 55 1013.4
1291391400  6.8 56 1013.6
1291391460  6.8 56 1013.6
1291391520  6.8 56 1013.6
1291391580  6.8 55 1013.5
1291391640  6.8 56 1013.5
1291391700  6.8 55 1013.5
1291391760  6.8 55 1013.6
1291391820  6.8 56 1013.5
1291391880  6.8 55 1013.6
1291391940  6.8 55 1013.6
1291392000  6.8 56 1013.5
1291392060  6.8 56 1013.5
1291392120  6.8 56 1013.5
1291392180  6.7 55 1013.3
1291392240  6.7 55 1013.3
1291392300  6.7 55 1013.3
1291392360  6.7 55 1013.4
1291392420  6.7 56 1013.4
1291392480  6.7 55 1013.4
1291392540  6.7 55 1013.4
1291392600  6.7 56 1013.4
1291392660  6.8 56 1013.4
1291392720  6.8 56 1013.5
1291392780  6.7 55 1013.5
1291392840  6.8 55 1013.3
1291392900  6.8 55 1013.2
1291392960  6.8 55 1013.4
1291393020  6.8 55 1013.3
1291393080  6.7 55 1013.3
1291393140  6.7 55 1013.4
1291393200  6.7 55 1013.4
1291393260  6.7 55 1013.4
1291393320  6.7 55 1013.4
1291393380  6.7 55 1013.4
1291393440  6.7 55 1013.4
1291393500  6.8 55 1013.4
1291393560  6.7 55 1013.5
1291393620  6.7 55 1013.4
1291393680  6.8 55 1013.5
1291393740  6.7 55 1013.5
1291393800  6.7 55 1013.4
1291393920  6.7 55 1013.4
1291393980  6.7 55 1013.4
1291394040  6.7 55 1013.5
1291394100  6.7 55 1013.4
1291394160  6.7 55 1013.4
1291394220  6.7 55 1013.4
1291394280  6.7 55 1013.4
1291394340  6.7 55 1013.3
1291394400  6.7 55 1013.3
1291394460  6.7 55 1013.3
1291394520  6.7 55 1013.3
1291394580  6.7 55 1013.3
1291394640  6.7 55 1013.2
1291394700  6.7 55 1013.2
1291394760  6.7 55 1013.3
1291394820  6.7 55 1013.2
1291394880  6.7 55 1013.1
1291394940  6.7 55 1013.1
1291395000  6.7 55 1013.1
1291395060  6.7 55 1013.1
1291395120  6.7 55 1013.1
1291395180  6.7 55 1013.1
1291395240  6.7 55 1013.2
1291395300  6.7 55 1013.1
1291395360  6.7 55 1013.1
1291395480  6.7 55 1013.1
1291395540  6.7 55 1013.1
1291395600  6.7 55 1013.1
1291395660  6.7 55 1013.2
1291395720  6.7 55 1013.2
1291395780  6.7 55 1013.1
1291395840  6.7 55 1013.1
1291395900  6.7 55 1013.1
1291395960  6.7 55 1013.0
1291396020  6.7 55 1013.1
1291396080  6.7 55 1013.1
1291396140  6.7 55 1013.1
1291396200  6.7 55 1013.1
1291396260  6.7 55 1013.1
1291396320  6.7 55 1013.1
1291396380  6.7 55 1013.2
1291396440  6.7 55 1013.2
1291396500  6.7 55 1013.3
1291396680  6.7 55 1013.2
1291396740  6.7 55 1013.3
1291396800  6.7 55 1013.3
1291396860  6.7 55 1013.3
1291396920  6.7 55 1013.3
1291396980  6.7 55 1013.3
1291397040  6.7 55 1013.3
1291397100  6.7 55 1013.3
1291397160  6.7 55 1013.3
1291397220  6.7 55 1013.2
1291397280  6.7 55 1013.2
1291397340  6.7 55 1013.2
1291397400  6.7 55 1013.1
1291397460  6.7 55 1013.1
1291397520  6.7 55 1013.1
1291397580  6.7 55 1013.1
1291397640  6.7 55 1013.1
1291397700  6.7 55 1013.0
1291397760  6.7 55 1013.1
1291397820  6.7 55 1013.0
1291397880  6.7 55 1013.0
1291397940  6.7 55 1013.1
1291398000  6.7 55 1013.2
1291398060  6.7 55 1013.2
1291398120  6.7 55 1013.2
1291398180  6.7 55 1013.0
1291398240  6.7 55 1013.1
1291398300  6.7 55 1013.2
1291398360  6.7 55 1013.1
1291398420  6.7 55 1013.1
1291398480  6.7 55 1013.1
1291398540  6.7 55 1013.1
1291398600  6.6 55 1013.0
1291398660  6.6 55 1013.0
1291398720  6.6 55 1013.0
1291398780  6.6 55 1013.0
1291398840  6.6 55 1013.0
1291398900  6.6 55 1013.0
1291398960  6.6 55 1013.1
1291399020  6.7 55 1012.9
1291399080  6.7 55 1013.0
1291399140  6.6 55 1013.1
1291399200  6.7 55 1012.9
1291399260  6.6 55 1012.9
1291399320  6.6 55 1012.9
1291399380  6.6 55 1012.9
1291399440  6.6 55 1012.9
1291399500  6.6 55 1012.9
1291399560  6.6 55 1013.0
1291399620  6.6 55 1013.0
1291399680  6.6 55 1013.0
1291399740  6.6 55 1013.0
1291399800  6.6 55 1012.9
1291399860  6.6 55 1013.0
1291399920  6.6 55 1012.9
1291399980  6.6 55 1012.9
1291400040  6.6 55 1012.9
1291400100  6.6 55 1013.0
1291400160  6.6 55 1013.0
1291400280  6.6 55 1013.0
1291400340  6.6 55 1013.0
1291400400  6.6 55 1013.0
1291400460  6.6 55 1013.0
1291400520  6.6 55 1013.0
1291400580  6.6 55 1013.0
1291400640  6.6 55 1013.0
1291400700  6.6 55 1013.0
1291400760  6.6 55 1012.9
1291400820  6.6 55 1012.9
1291400880  6.6 55 1012.9
1291400940  6.6 55 1012.8
1291401000  6.6 55 1012.8
1291401060  6.6 55 1012.8
1291401120  6.6 55 1012.7
1291401180  6.6 55 1012.7
1291401240  6.6 55 1012.7
1291401300  6.6 55 1012.7
1291401360  6.6 55 1012.7
1291401420  6.6 55 1012.7
1291401480  6.6 55 1012.6
1291401540  6.6 55 1012.7
1291401600  6.6 55 1012.6
1291401660  6.6 55 1012.6
1291401720  6.6 55 1012.6
1291401780  6.6 55 1012.6
1291401840  6.6 55 1012.6
1291401900  6.6 55 1012.7
1291401960  6.6 55 1012.6
1291402020  6.6 55 1012.7
1291402080  6.6 55 1012.6
1291402140  6.6 55 1012.6
1291402200  6.6 55 1012.6
1291402260  6.6 55 1012.6
1291402320  6.6 55 1012.6
1291402380  6.6 55 1012.6
1291402440  6.6 55 1012.6
1291402500  6.6 55 1012.5
1291402560  6.6 55 1012.5
1291402620  6.6 55 1012.5
1291402680  6.6 55 1012.6
1291402740  6.6 55 1012.5
1291402800  6.6 55 1012.5
1291402860  6.6 55 1012.5
1291402920  6.6 55 1012.5
1291402980  6.6 55 1012.5
1291403040  6.6 55 1012.5
1291403100  6.6 55 1012.5
1291403160  6.5 55 1012.4
1291403220  6.6 55 1012.5
1291403280  6.6 55 1012.4
1291403340  6.6 55 1012.5
1291403400  6.6 55 1012.4
1291403460  6.6 55 1012.4
1291403520  6.6 55 1012.4
1291403580  6.6 55 1012.4
1291403640  6.6 55 1012.4
1291403700  6.6 55 1012.4
1291403880  6.6 55 1012.4
1291403940  6.6 55 1012.4
1291404000  6.6 55 1012.4
1291404060  6.6 55 1012.4
1291404120  6.6 55 1012.4
1291404240  6.6 55 1012.3
1291404300  6.6 55 1012.3
1291404360  6.6 55 1012.3
1291404420  6.6 55 1012.3
1291404480  6.6 55 1012.2
1291404540  6.6 55 1012.3
1291404600  6.6 55 1012.3
1291404660  6.6 55 1012.3
1291404720  6.6 55 1012.3
1291404900  6.5 55 1012.3
1291404960  6.6 55 1012.2
1291405020  6.5 55 1012.2
1291405080  6.6 55 1012.2
1291405140  6.6 55 1012.2
1291405200  6.6 55 1012.2
1291405260  6.6 55 1012.3
1291405320  6.6 55 1012.2
1291405380  6.5 55 1012.2
1291405500  6.5 55 1012.2
1291405560  6.5 55 1012.2
1291405620  6.5 55 1012.1
1291405680  6.5 55 1012.1
1291405740  6.5 55 1012.2
1291405800  6.5 55 1012.2
1291405860  6.5 55 1012.1
1291405920  6.5 55 1012.1
1291406100  6.5 55 1012.1
1291406160  6.5 55 1012.0
1291406220  6.5 55 1012.0
1291406280  6.5 55 1011.9
1291406340  6.5 55 1012.0
1291406400  6.5 55 1012.0
1291406460  6.5 55 1012.0
1291406520  6.5 55 1012.0
1291406700  6.5 55 1012.0
1291406760  6.5 55 1012.0
1291406820  6.5 55 1012.1
1291406880  6.5 55 1012.0
1291406940  6.5 55 1012.1
1291407000  6.5 55 1012.1
1291407060  6.5 55 1012.0
1291407120  6.5 55 1012.0
1291407180  6.5 55 1012.0
1291407240  6.5 55 1012.0
1291407300  6.5 55 1012.0
1291407480  6.5 55 1012.0
1291407540  6.5 55 1011.9
1291407600  6.5 55 1011.9
1291407660  6.5 55 1011.8
1291407720  6.5 55 1011.8
1291407780  6.5 55 1011.8
1291407840  6.5 55 1011.8
1291407900  6.5 55 1011.8
1291407960  6.5 55 1011.7
1291408020  6.5 55 1011.8
1291408080  6.5 55 1011.7
1291408140  6.5 55 1011.7
1291408200  6.5 55 1011.7
1291408260  6.5 55 1011.7
1291408320  6.5 55 1011.7
1291408380  6.5 55 1011.8
1291408440  6.5 55 1011.8
1291408500  6.5 55 1011.8
1291408560  6.5 55 1011.8
1291408620  6.5 55 1011.7
1291408680  6.5 55 1011.7
1291408740  6.5 55 1011.7
1291408800  6.5 55 1011.7
1291408860  6.5 55 1011.6
1291408920  6.5 55 1011.7
1291408980  6.5 55 1011.7
1291409040  6.5 55 1011.7
1291409100  6.5 55 1011.7
1291409160  6.5 55 1011.6
1291409220  6.4 55 1011.5
1291409280  6.4 55 1011.6
1291409340  6.4 55 1011.6
1291409400  6.5 55 1011.6
1291409460  6.4 55 1011.6
1291409520  6.4 55 1011.5
1291409580  6.4 55 1011.5
1291409640  6.5 55 1011.5
1291409700  6.4 55 1011.5
1291409760  6.4 55 1011.5
1291409820  6.4 55 1011.5
1291409880  6.4 55 1011.5
1291409940  6.4 55 1011.5
1291410000  6.4 55 1011.6
1291410060  6.4 55 1011.5
1291410120  6.4 55 1011.5
1291410180  6.4 55 1011.5
1291410240  6.4 55 1011.4
1291410300  6.4 55 1011.3
1291410360  6.4 55 1011.3
1291410420  6.4 55 1011.3
1291410480  6.4 55 1011.3
1291410540  6.4 55 1011.2
1291410600  6.4 55 1011.3
1291410660  6.4 55 1011.3
1291410720  6.4 55 1011.2
1291410780  6.4 55 1011.1
1291410840  6.4 55 1011.1
1291410900  6.4 55 1011.2
1291410960  6.4 55 1011.2
1291411020  6.4 55 1011.2
1291411140  6.4 55 1011.1
1291411200  6.4 55 1011.1
1291411260  6.4 55 1011.1
1291411320  6.4 55 1011.2
1291411380  6.4 55 1011.0
1291411440  6.4 55 1011.1
1291411500  6.4 55 1011.0
1291411560  6.4 55 1011.0
1291411620  6.4 55 1011.0
1291411680  6.4 55 1011.0
1291411740  6.4 55 1011.0
1291411800  6.4 55 1011.0
1291411860  6.4 55 1011.0
1291411920  6.4 55 1011.0
1291411980  6.4 55 1011.1
1291412040  6.4 55 1011.0
1291412100  6.4 55 1010.9
1291412160  6.4 55 1010.9
1291412220  6.4 55 1010.9
1291412280  6.4 55 1010.8
1291412340  6.4 55 1010.9
1291412400  6.4 55 1010.8
1291412460  6.4 55 1010.9
1291412520  6.4 55 1011.0
1291412580  6.4 55 1010.9
1291412640  6.4 55 1010.9
1291412700  6.4 55 1010.9
1291412760  6.4 55 1010.9
1291412820  6.4 55 1010.9
1291412880  6.4 55 1010.8
1291412940  6.4 55 1010.8
1291413000  6.4 55 1010.9
1291413060  6.4 55 1010.8
1291413120  6.4 55 1010.7
1291413180  6.4 55 1010.7
1291413240  6.4 55 1010.8
1291413300  6.4 55 1010.7
1291413360  6.4 55 1010.7
1291413420  6.4 55 1010.7
1291413480  6.4 55 1010.6
1291413540  6.4 55 1010.5
1291413600  6.4 55 1010.6
1291413660  6.4 55 1010.5
1291413720  6.4 55 1010.6
1291413780  6.4 55 1010.5
1291413840  6.4 55 1010.5
1291413900  6.4 55 1010.5
1291413960  6.4 55 1010.5
1291414020  6.4 55 1010.5
1291414080  6.4 55 1010.5
1291414140  6.4 55 1010.5
1291414200  6.4 55 1010.5
1291414260  6.4 55 1010.5
1291414320  6.4 55 1010.5
1291414380  6.4 55 1010.5
1291414440  6.4 55 1010.3
1291414500  6.4 55 1010.3
1291414560  6.4 55 1010.3
1291414620  6.4 55 1010.3
1291414680  6.4 55 1010.3
1291414740  6.4 55 1010.3
1291414800  6.4 55 1010.2
1291414860  6.4 55 1010.2
1291414920  6.4 55 1010.2
1291414980  6.4 55 1010.2
1291415040  6.4 55 1010.1
1291415100  6.4 55 1010.1
1291415160  6.4 55 1010.1
1291415220  6.4 55 1010.1
1291415280  6.4 55 1010.1
1291415340  6.4 55 1010.1
1291415400  6.4 55 1010.1
1291415460  6.4 55 1010.0
1291415520  6.4 55 1010.0
1291415580  6.4 55 1009.9
1291415640  6.4 55 1010.0
1291415700  6.4 55 1010.0
1291415760  6.4 55 1009.9
1291415820  6.4 55 1009.8
1291415880  6.4 55 1009.8
1291415940  6.4 55 1009.8
1291416000  6.4 55 1009.8
1291416060  6.4 55 1009.8
1291416120  6.4 55 1009.8
1291416180  6.4 55 1009.7
1291416240  6.4 55 1009.7
1291416300  6.4 55 1009.6
1291416360  6.4 55 1009.6
1291416420  6.4 55 1009.6
1291416480  6.4 55 1009.6
1291416540  6.4 55 1009.6
1291416600  6.4 55 1009.5
1291416660  6.4 55 1009.5
1291416720  6.4 55 1009.6
1291416780  6.4 55 1009.5
1291416840  6.4 55 1009.5
1291416900  6.4 55 1009.5
1291416960  6.4 55 1009.5
1291417020  6.4 55 1009.5
1291417080  6.4 55 1009.5
1291417140  6.4 55 1009.5
1291417200  6.4 55 1009.5
1291417260  6.4 55 1009.5
1291417320  6.4 55 1009.5
1291417380  6.4 55 1009.4
1291417440  6.4 55 1009.5
1291417500  6.4 55 1009.4
1291417560  6.4 55 1009.4
1291417620  6.4 55 1009.4
1291417680  6.4 55 1009.4
1291417740  6.4 55 1009.4
1291417800  6.4 55 1009.4
1291417860  6.4 55 1009.4
1291417920  6.4 55 1009.4
1291417980  6.4 55 1009.4
1291418040  6.4 55 1009.4
1291418100  6.4 55 1009.4
1291418160  6.4 55 1009.4
1291418220  6.4 55 1009.4
1291418280  6.4 55 1009.4
1291418340  6.4 55 1009.4
1291418400  6.4 55 1009.4
1291418460  6.4 55 1009.4
1291418520  6.4 55 1009.4
1291418580  6.4 55 1009.4
1291418640  6.4 55 1009.2
1291418700  6.4 55 1009.3
1291418760  6.4 55 1009.3
1291418820  6.4 55 1009.2
1291418880  6.4 55 1009.2
1291418940  6.4 55 1009.2
1291419000  6.4 55 1009.3
1291419060  6.4 55 1009.2
1291419120  6.4 55 1009.2
1291419180  6.4 55 1009.1
1291419300  6.4 55 1009.2
1291419360  6.4 55 1009.2
1291419420  6.4 55 1009.2
1291419480  6.4 55 1009.2
1291419540  6.4 55 1009.2
1291419600  6.4 55 1009.1
1291419660  6.4 55 1009.1
1291419720  6.4 55 1009.1
1291419780  6.4 55 1009.1
1291419840  6.4 55 1009.1
1291419900  6.4 55 1009.1
1291419960  6.4 55 1009.1
1291420020  6.4 55 1009.1
1291420080  6.4 55 1009.1
1291420140  6.4 55 1009.1
1291420200  6.4 55 1009.1
1291420260  6.4 55 1009.0
1291420320  6.4 55 1009.0
1291420380  6.4 55 1009.1
1291420440  6.4 55 1009.0
1291420500  6.4 55 1008.9
1291420560  6.4 55 1009.0
1291420680  6.4 55 1008.9
1291420740  6.4 55 1008.9
