1291161600  7.9 56 1014.8
1291161660  7.9 56 1014.8
1291161720  7.9 56 1014.8
1291161780  7.9 56 1014.8
1291161840  7.9 56 1014.7
1291161900  7.9 56 1014.7
1291161960  7.9 56 1014.8
1291162020  7.9 56 1014.7
1291162080  7.8 56 1014.7
1291162140  7.9 56 1014.7
1291162200  7.9 56 1014.8
1291162260  7.8 56 1014.8
1291162320  7.8 56 1014.8
1291162380  7.9 56 1014.7
1291162440  7.9 56 1014.6
1291162500  7.9 56 1014.6
1291162560  7.9 56 1014.7
1291162620  7.9 56 1014.7
1291162680  7.9 56 1014.7
1291162740  7.9 56 1014.5
1291162800  7.9 56 1014.6
1291162860  7.9 56 1014.6
1291162920  7.9 56 1014.6
1291162980  7.9 56 1014.6
1291163040  7.9 56 1014.5
1291163100  7.9 56 1014.6
1291163160  7.9 56 1014.5
1291163220  7.9 56 1014.5
1291163280  7.9 56 1014.5
1291163340  7.9 56 1014.5
1291163400  7.9 56 1014.5
1291163460  7.9 56 1014.5
1291163520  7.9 56 1014.5
1291163580  7.9 56 1014.4
1291163640  7.9 56 1014.4
1291163700  7.9 56 1014.4
1291163760  7.8 56 1014.4
1291163820  7.8 56 1014.4
1291163880  7.9 56 1014.4
1291163940  7.9 56 1014.4
1291164000  7.9 56 1014.4
1291164060  7.9 56 1014.4
1291164120  7.9 56 1014.4
1291164180  7.9 56 1014.4
1291164240  7.9 56 1014.3
1291164300  7.9 56 1014.3
1291164360  7.9 56 1014.4
1291164420  7.9 56 1014.3
1291164480  7.8 56 1014.3
1291164540  7.9 56 1014.4
1291164600  7.9 56 1014.3
1291164660  7.9 56 1014.3
1291164720  7.9 56 1014.3
1291164780  7.9 56 1014.3
1291164840  7.9 56 1014.3
1291164900  7.9 56 1014.3
1291164960  7.9 56 1014.3
1291165020  7.9 56 1014.3
1291165080  7.9 56 1014.3
1291165140  7.9 56 1014.4
1291165200  7.8 56 1014.3
1291165260  7.9 56 1014.3
1291165320  7.9 56 1014.3
1291165380  7.8 56 1014.3
1291165440  7.9 56 1014.3
1291165500  7.9 56 1014.3
1291165560  7.8 56 1014.3
1291165620  7.9 56 1014.2
1291165680  7.8 56 1014.2
1291165740  7.8 56 1014.3
1291165800  7.8 56 1014.3
1291165860  7.9 56 1014.3
1291165920  7.9 56 1014.2
1291165980  7.8 56 1014.3
1291166040  7.8 56 1014.3
1291166100  7.8 56 1014.3
1291166160  7.8 56 1014.2
1291166220  7.9 56 1014.2
1291166280  7.8 56 1014.2
1291166340  7.8 56 1014.3
1291166400  7.8 56 1014.2
1291166460  7.9 56 1014.3
1291166520  7.8 56 1014.2
1291166580  7.8 56 1014.2
1291166640  7.8 56 1014.2
1291166700  7.8 56 1014.1
1291166760  7.8 56 1014.2
1291166820  7.8 56 1014.2
1291166880  7.8 56 1014.2
1291166940  7.8 56 1014.1
1291167000  7.8 56 1014.2
1291167060  7.8 56 1014.0
1291167120  7.8 56 1014.2
1291167180  7.8 56 1014.2
1291167240  7.8 56 1014.2
1291167300  7.8 56 1014.2
1291167360  7.8 56 1014.1
1291167420  7.8 56 1014.1
1291167480  7.8 56 1014.2
1291167540  7.8 56 1014.1
1291167600  7.8 56 1014.1
1291167660  7.8 56 1014.2
1291167720  7.8 56 1014.0
1291167780  7.8 56 1014.0
1291167840  7.8 56 1014.0
1291167900  7.8 56 1014.1
1291167960  7.8 56 1014.1
1291168020  7.8 56 1014.1
1291168080  7.8 56 1014.2
1291168140  7.8 56 1014.1
1291168200  7.8 56 1013.9
1291168260  7.8 56 1014.0
1291168320  7.8 56 1014.0
1291168380  7.8 56 1014.0
1291168440  7.8 56 1014.0
1291168560  7.8 56 1014.1
1291168620  7.8 56 1014.0
1291168680  7.8 56 1014.0
1291168740  7.8 56 1014.0
1291168800  7.8 56 1014.0
1291168860  7.8 56 1014.1
1291168920  7.8 56 1014.0
1291168980  7.8 56 1014.0
1291169040  7.8 56 1014.0
1291169100  7.8 56 1014.0
1291169160  7.8 56 1014.1
1291169220  7.8 56 1014.1
1291169280  7.8 56 1014.1
1291169340  7.8 56 1014.0
1291169400  7.8 56 1014.0
1291169460  7.8 56 1014.1
1291169520  7.8 56 1014.0
1291169580  7.8 56 1014.0
1291169640  7.8 56 1014.0
1291169700  7.8 56 1014.1
1291169760  7.8 56 1014.0
1291169820  7.8 56 1014.0
1291169880  7.8 56 1013.9
1291169940  7.8 56 1013.9
1291170000  7.8 56 1013.9
1291170060  7.8 56 1013.9
1291170120  7.8 56 1014.0
1291170180  7.8 56 1014.0
1291170240  7.8 56 1014.0
1291170300  7.8 56 1013.9
1291170360  7.8 56 1013.9
1291170420  7.8 56 1013.9
1291170480  7.8 56 1013.9
1291170540  7.8 56 1013.8
1291170600  7.8 56 1013.8
1291170660  7.8 56 1013.9
1291170720  7.8 56 1013.9
1291170780  7.8 56 1013.9
1291170840  7.8 56 1013.9
1291170900  7.8 56 1013.8
1291170960  7.8 56 1013.8
1291171020  7.8 56 1013.8
1291171080  7.8 56 1013.8
1291171140  7.8 56 1013.8
1291171200  7.8 56 1013.8
1291171260  7.8 56 1013.7
1291171320  7.8 56 1013.7
1291171380  7.8 56 1013.8
1291171440  7.8 56 1013.8
1291171500  7.8 56 1013.8
1291171560  7.8 56 1013.8
1291171620  7.8 56 1013.8
1291171680  7.8 56 1013.8
1291171740  7.8 56 1013.8
1291171800  7.8 56 1013.8
1291171860  7.8 56 1013.8
1291171920  7.8 56 1013.8
1291171980  7.8 56 1013.7
1291172040  7.8 56 1013.7
1291172100  7.8 56 1013.7
1291172160  7.8 56 1013.8
1291172220  7.8 56 1013.8
1291172280  7.8 56 1013.7
1291172340  7.8 56 1013.6
1291172400  7.8 56 1013.6
1291172460  7.8 56 1013.6
1291172520  7.8 56 1013.6
1291172580  7.8 56 1013.6
1291172640  7.8 56 1013.6
1291172700  7.8 56 1013.5
1291172760  7.8 56 1013.5
1291172820  7.8 56 1013.5
1291172880  7.8 56 1013.5
1291172940  7.8 56 1013.5
1291173000  7.8 56 1013.5
1291173060  7.8 56 1013.5
1291173120  7.8 56 1013.4
1291173180  7.8 56 1013.4
1291173240  7.8 56 1013.4
1291173360  7.8 56 1013.5
1291173420  7.8 56 1013.4
1291173480  7.8 56 1013.5
1291173540  7.8 56 1013.4
1291173600  7.8 56 1013.4
1291173660  7.8 56 1013.4
1291173720  7.8 56 1013.4
1291173780  7.8 56 1013.4
1291173840  7.8 56 1013.4
1291173900  7.8 56 1013.4
1291173960  7.8 56 1013.4
1291174020  7.7 56 1013.4
1291174080  7.8 56 1013.4
1291174140  7.8 56 1013.4
1291174200  7.8 56 1013.4
1291174260  7.8 56 1013.4
1291174320  7.8 56 1013.3
1291174380  7.8 56 1013.3
1291174440  7.8 56 1013.3
1291174500  7.8 56 1013.3
1291174560  7.8 56 1013.3
1291174620  7.8 56 1013.2
1291174680  7.8 56 1013.3
1291174740  7.8 56 1013.2
1291174800  7.8 56 1013.4
1291174860  7.8 56 1013.2
1291174920  7.8 56 1013.1
1291174980  7.8 56 1013.1
1291175040  7.8 56 1013.1
1291175100  7.8 56 1013.2
1291175160  7.8 56 1013.3
1291175220  7.7 56 1013.2
1291175280  7.7 56 1013.0
1291175340  7.7 56 1013.2
1291175400  7.7 56 1013.0
1291175460  7.7 56 1013.1
1291175520  7.7 56 1013.1
1291175580  7.7 56 1013.1
1291175640  7.7 56 1013.2
1291175700  7.7 56 1013.2
1291175760  7.7 56 1013.2
1291175820  7.7 56 1013.2
1291175880  7.7 56 1013.2
1291175940  7.7 56 1013.2
1291176000  7.8 56 1013.2
1291176060  7.7 56 1013.0
1291176120  7.8 56 1013.2
1291176180  7.7 56 1013.0
1291176240  7.7 56 1013.0
1291176300  7.7 56 1013.2
1291176360  7.7 56 1013.2
1291176420  7.7 56 1013.2
1291176480  7.7 56 1013.2
1291176540  7.7 56 1013.2
1291176600  7.7 56 1013.3
1291176660  7.7 56 1013.2
1291176720  7.7 56 1013.2
1291176780  7.7 56 1013.2
1291176840  7.7 56 1013.0
1291176900  7.7 56 1013.0
1291176960  7.7 56 1013.0
1291177020  7.7 56 1013.0
1291177080  7.7 56 1013.0
1291177140  7.7 56 1013.0
1291177200  7.7 56 1013.1
1291177260  7.7 56 1013.0
1291177320  7.7 56 1012.9
1291177380  7.7 56 1012.9
1291177440  7.7 56 1013.0
1291177500  7.7 56 1012.9
1291177560  7.7 56 1012.9
1291177620  7.7 56 1012.9
1291177680  7.7 56 1013.0
1291177740  7.7 56 1012.9
1291177800  7.7 56 1012.9
1291177860  7.7 56 1013.0
1291177920  7.7 56 1012.9
1291177980  7.7 56 1012.9
1291178040  7.7 56 1012.9
1291178100  7.7 56 1012.9
1291178160  7.7 56 1012.9
1291178220  7.7 56 1012.9
1291178280  7.7 56 1012.9
1291178340  7.7 56 1012.9
1291178400  7.7 56 1012.9
1291178460  7.7 56 1012.8
1291178520  7.7 56 1012.8
1291178580  7.7 56 1012.8
1291178640  7.7 56 1012.8
1291178700  7.7 56 1012.8
1291178760  7.7 56 1012.8
1291178820  7.7 56 1012.8
1291178880  7.7 56 1012.8
1291178940  7.7 56 1012.8
1291179000  7.7 56 1012.8
1291179060  7.7 56 1012.8
1291179120  7.7 56 1012.8
1291179180  7.7 56 1012.8
1291179240  7.7 56 1012.8
1291179300  7.7 56 1012.7
1291179360  7.7 56 1012.7
1291179420  7.7 56 1012.7
1291179480  7.7 56 1012.8
1291179540  7.7 56 1012.8
1291179600  7.7 56 1012.7
1291179660  7.7 56 1012.7
1291179720  7.7 56 1012.7
1291179780  7.7 56 1012.7
1291179840  7.7 56 1012.7
1291179900  7.7 56 1012.6
1291179960  7.7 56 1012.6
1291180020  7.7 56 1012.6
1291180080  7.6 56 1012.6
1291180140  7.7 56 1012.6
1291180200  7.7 56 1012.6
1291180260  7.7 56 1012.7
1291180320  7.7 56 1012.5
1291180380  7.6 56 1012.5
1291180440  7.6 56 1012.5
1291180500  7.7 56 1012.4
1291180560  7.6 56 1012.4
1291180620  7.6 56 1012.4
1291180680  7.6 56 1012.4
1291180740  7.6 56 1012.4
1291180800  7.6 56 1012.4
1291180860  7.6 56 1012.4
1291180920  7.6 56 1012.3
1291180980  7.6 56 1012.3
1291181100  7.6 56 1012.5
1291181160  7.7 56 1012.4
1291181220  7.7 56 1012.4
1291181280  7.6 56 1012.4
1291181340  7.6 56 1012.3
1291181400  7.6 56 1012.3
1291181520  7.6 56 1012.3
1291181580  7.6 56 1012.2
1291181640  7.6 56 1012.3
1291181700  7.6 56 1012.2
1291181760  7.6 56 1012.2
1291181820  7.6 56 1012.2
1291181880  7.6 56 1012.3
1291181940  7.6 56 1012.2
1291182000  7.6 56 1012.2
1291182060  7.6 56 1012.2
1291182120  7.6 56 1012.3
1291182180  7.6 56 1012.2
1291182240  7.6 56 1012.4
1291182300  7.6 56 1012.3
1291182360  7.6 56 1012.3
1291182420  7.6 56 1012.3
1291182480  7.6 56 1012.2
1291182540  7.6 56 1012.1
1291182660  7.6 56 1012.1
1291182720  7.6 56 1012.2
1291182780  7.6 56 1012.2
1291182840  7.6 56 1012.2
1291182900  7.6 56 1012.1
1291182960  7.6 55 1012.1
1291183020  7.6 55 1012.1
1291183080  7.6 56 1012.3
1291183140  7.6 56 1012.1
1291183200  7.6 56 1012.2
1291183260  7.6 56 1012.3
1291183320  7.6 56 1012.2
1291183380  7.6 56 1012.3
1291183440  7.6 56 1012.2
1291183500  7.6 55 1012.3
1291183560  7.6 55 1012.3
1291183620  7.6 55 1012.3
1291183680  7.6 55 1012.2
1291183740  7.6 55 1012.2
1291183800  7.6 55 1012.3
1291183860  7.6 56 1012.3
1291183920  7.6 55 1012.3
1291183980  7.6 55 1012.2
1291184040  7.6 55 1012.3
1291184100  7.6 55 1012.3
1291184160  7.6 55 1012.3
1291184220  7.6 55 1012.3
1291184280  7.6 55 1012.2
1291184340  7.6 55 1012.3
1291184400  7.6 55 1012.2
1291184460  7.6 55 1012.2
1291184520  7.6 55 1012.2
1291184580  7.6 55 1012.3
1291184640  7.6 55 1012.2
1291184700  7.6 55 1012.3
1291184760  7.6 55 1012.3
1291184820  7.6 55 1012.3
1291184880  7.6 55 1012.3
1291184940  7.6 55 1012.2
1291185000  7.6 55 1012.3
1291185060  7.6 55 1012.2
1291185120  7.6 55 1012.3
1291185180  7.6 55 1012.3
1291185240  7.6 55 1012.2
1291185300  7.6 55 1012.2
1291185360  7.6 55 1012.2
1291185420  7.6 55 1012.2
1291185480  7.6 55 1012.2
1291185540  7.6 55 1012.2
1291185600  7.6 55 1012.2
1291185660  7.6 55 1012.1
1291185720  7.6 55 1012.0
1291185780  7.6 55 1012.0
1291185840  7.6 55 1012.1
1291185900  7.6 55 1012.0
1291185960  7.6 55 1012.1
1291186020  7.6 55 1012.0
1291186080  7.6 55 1012.1
1291186140  7.6 55 1012.1
1291186200  7.6 55 1012.1
1291186260  7.6 55 1012.1
1291186320  7.6 55 1012.0
1291186380  7.6 55 1012.1
1291186440  7.6 55 1012.0
1291186500  7.6 55 1012.1
1291186560  7.6 55 1012.1
1291186620  7.6 55 1012.1
1291186680  7.6 55 1012.1
1291186740  7.6 55 1012.1
1291186800  7.6 55 1012.1
1291186860  7.6 55 1012.1
1291186920  7.6 55 1012.0
1291186980  7.6 55 1012.0
1291187040  7.6 55 1012.0
1291187100  7.6 55 1012.0
1291187160  7.6 55 1012.0
1291187220  7.6 55 1012.0
1291187280  7.6 55 1012.0
1291187340  7.6 55 1012.0
1291187400  7.6 55 1011.9
1291187460  7.6 55 1011.9
1291187520  7.6 55 1011.9
1291187580  7.6 55 1011.9
1291187640  7.6 55 1012.1
1291187700  7.6 55 1012.0
1291187760  7.6 55 1012.0
1291187820  7.6 55 1012.0
1291187880  7.6 55 1012.0
1291187940  7.6 55 1012.0
1291188000  7.5 55 1012.0
1291188060  7.6 55 1011.9
1291188120  7.5 55 1012.0
1291188180  7.5 55 1011.9
1291188240  7.6 55 1011.9
1291188300  7.5 55 1011.9
1291188360  7.5 55 1011.9
1291188420  7.5 55 1012.0
1291188480  7.5 55 1012.0
1291188540  7.5 55 1012.0
1291188600  7.5 55 1011.9
1291188660  7.5 55 1011.9
1291188720  7.5 55 1012.0
1291188780  7.5 55 1011.9
1291188840  7.5 55 1011.9
1291188900  7.5 55 1011.9
1291188960  7.5 55 1012.0
1291189020  7.5 55 1012.0
1291189080  7.5 55 1012.0
1291189140  7.5 55 1012.0
1291189200  7.5 55 1011.9
1291189260  7.5 55 1012.0
1291189320  7.5 55 1012.0
1291189380  7.5 55 1012.0
1291189440  7.5 55 1012.1
1291189500  7.5 55 1012.0
1291189560  7.5 55 1012.0
1291189620  7.5 55 1012.0
1291189680  7.5 55 1012.0
1291189740  7.5 55 1012.0
1291189800  7.5 55 1012.0
1291189860  7.5 55 1012.0
1291189920  7.5 55 1012.0
1291189980  7.5 55 1012.1
1291190040  7.5 55 1012.0
1291190100  7.5 56 1011.9
1291190160  7.5 56 1011.9
1291190220  7.5 56 1012.0
1291190280  7.5 56 1012.0
1291190340  7.5 56 1012.0
1291190400  7.5 56 1012.0
1291190460  7.5 57 1012.1
1291190520  7.5 56 1012.0
1291190580  7.5 56 1012.0
1291190640  7.5 56 1011.9
1291190700  7.5 56 1011.9
1291190760  7.5 56 1011.9
1291190820  7.5 56 1012.1
1291190880  7.5 56 1012.0
1291190940  7.5 56 1012.0
1291191000  7.5 56 1012.0
1291191060  7.5 56 1011.9
1291191120  7.5 56 1012.0
1291191180  7.5 56 1012.0
1291191240  7.5 56 1012.0
1291191300  7.5 56 1012.0
1291191360  7.5 56 1012.0
1291191420  7.5 56 1012.0
1291191480  7.5 56 1012.1
1291191540  7.5 56 1012.1
1291191600  7.5 56 1012.0
1291191660  7.5 56 1012.0
1291191720  7.5 56 1012.0
1291191780  7.5 56 1012.0
1291191840  7.5 56 1011.9
1291191900  7.5 56 1012.0
1291191960  7.5 56 1012.1
1291192020  7.5 56 1012.1
1291192080  7.5 56 1012.1
1291192140  7.5 56 1012.1
1291192200  7.5 56 1012.1
1291192260  7.5 56 1012.1
1291192320  7.5 56 1012.1
1291192380  7.5 56 1012.1
1291192440  7.5 56 1012.0
1291192500  7.5 56 1012.1
1291192560  7.5 56 1012.1
1291192620  7.5 56 1012.2
1291192680  7.5 56 1012.2
1291192740  7.5 56 1012.2
1291192800  7.5 56 1012.1
1291192860  7.5 56 1012.2
1291192920  7.5 56 1012.3
1291192980  7.5 56 1012.2
1291193040  7.5 56 1012.2
1291193100  7.5 56 1012.2
1291193160  7.5 55 1012.2
1291193220  7.5 55 1012.2
1291193280  7.5 55 1012.2
1291193340  7.5 55 1012.2
1291193400  7.4 55 1012.3
1291193460  7.4 55 1012.3
1291193520  7.5 56 1012.2
1291193580  7.5 56 1012.2
1291193640  7.4 56 1012.2
1291193700  7.4 55 1012.2
1291193760  7.4 56 1012.2
1291193820  7.5 56 1012.1
1291193880  7.5 55 1012.1
1291193940  7.5 55 1012.1
1291194000  7.5 55 1012.2
1291194060  7.4 55 1012.3
1291194180  7.4 55 1012.2
1291194240  7.4 55 1012.1
1291194300  7.4 55 1012.1
1291194360  7.4 55 1012.2
1291194420  7.4 55 1012.1
1291194480  7.4 55 1012.1
1291194540  7.4 55 1012.1
1291194600  7.4 55 1012.1
1291194660  7.4 55 1012.1
1291194720  7.4 55 1012.2
1291194780  7.4 55 1012.1
1291194840  7.4 55 1012.0
1291194900  7.4 55 1012.0
1291194960  7.4 55 1012.0
1291195020  7.4 55 1012.0
1291195080  7.4 55 1012.0
1291195140  7.4 55 1012.0
1291195200  7.4 55 1012.1
1291195260  7.4 55 1012.1
1291195320  7.4 55 1012.1
1291195380  7.4 55 1012.0
1291195440  7.4 55 1012.0
1291195500  7.4 55 1012.1
1291195560  7.4 55 1012.0
1291195620  7.4 55 1012.0
1291195680  7.4 55 1012.1
1291195740  7.4 55 1011.9
1291195800  7.4 55 1012.0
1291195860  7.4 55 1012.0
1291195920  7.4 55 1012.0
1291195980  7.4 55 1012.0
1291196040  7.4 55 1011.9
1291196100  7.4 55 1012.0
1291196160  7.4 55 1012.0
1291196220  7.4 55 1012.0
1291196280  7.4 55 1012.0
1291196340  7.4 55 1012.0
1291196400  7.4 55 1012.0
1291196460  7.4 55 1012.0
1291196520  7.4 55 1012.0
1291196580  7.4 55 1012.0
1291196640  7.4 55 1012.0
1291196700  7.4 55 1012.0
1291196760  7.4 55 1012.0
1291196820  7.4 55 1012.0
1291196880  7.4 55 1012.0
1291196940  7.4 55 1012.0
1291197000  7.4 55 1012.0
1291197060  7.4 55 1012.0
1291197120  7.4 55 1012.0
1291197180  7.4 55 1012.0
1291197240  7.4 55 1012.0
1291197300  7.4 55 1012.0
1291197360  7.4 55 1012.0
1291197420  7.4 55 1011.9
1291197480  7.4 55 1012.0
1291197540  7.5 55 1012.0
1291197600  7.5 55 1012.0
1291197660  7.5 55 1012.0
1291197720  7.5 55 1012.0
1291197780  7.5 55 1012.0
1291197840  7.4 55 1012.0
1291197900  7.5 55 1011.9
1291197960  7.5 55 1011.9
1291198020  7.5 55 1012.0
1291198080  7.5 55 1012.0
1291198140  7.5 55 1011.9
1291198200  7.5 55 1011.8
1291198260  7.5 55 1011.8
1291198320  7.5 55 1011.8
1291198380  7.5 55 1011.9
1291198440  7.5 55 1011.9
1291198500  7.5 55 1011.9
1291198560  7.5 55 1011.9
1291198620  7.5 55 1011.8
1291198680  7.5 55 1011.9
1291198740  7.5 55 1011.8
1291198800  7.6 55 1011.8
1291198860  7.6 55 1011.8
1291198920  7.6 55 1011.8
1291198980  7.6 55 1011.9
1291199040  7.6 55 1011.9
1291199100  7.6 55 1011.9
1291199160  7.6 55 1011.8
1291199220  7.6 55 1011.9
1291199280  7.6 55 1011.8
1291199340  7.6 55 1011.8
1291199400  7.6 55 1011.7
1291199460  7.6 55 1011.7
1291199520  7.6 55 1011.7
1291199580  7.6 55 1011.8
1291199640  7.6 55 1011.8
1291199700  7.6 55 1011.7
1291199760  7.6 55 1011.7
1291199820  7.6 55 1011.7
1291199880  7.6 55 1011.7
1291199940  7.6 55 1011.7
1291200000  7.6 55 1011.7
1291200060  7.6 55 1011.7
1291200120  7.6 55 1011.7
1291200180  7.6 55 1011.7
1291200240  7.6 55 1011.7
1291200300  7.6 55 1011.7
1291200360  7.6 55 1011.7
1291200420  7.6 55 1011.7
1291200480  7.6 55 1011.7
1291200540  7.6 55 1011.7
1291200600  7.6 55 1011.7
1291200660  7.6 55 1011.7
1291200720  7.6 55 1011.7
1291200780  7.6 55 1011.7
1291200840  7.6 55 1011.7
1291200900  7.6 55 1011.7
1291200960  7.6 55 1011.7
1291201020  7.6 55 1011.6
1291201080  7.6 55 1011.7
1291201140  7.6 55 1011.7
1291201200  7.6 55 1011.6
1291201260  7.6 55 1011.6
1291201320  7.6 55 1011.6
1291201380  7.6 55 1011.6
1291201440  7.6 55 1011.6
1291201500  7.6 55 1011.6
1291201560  7.6 55 1011.6
1291201620  7.6 55 1011.6
1291201680  7.6 55 1011.6
1291201740  7.6 55 1011.5
1291201800  7.6 55 1011.5
1291201860  7.6 55 1011.5
1291201920  7.6 55 1011.5
1291201980  7.6 55 1011.6
1291202040  7.6 55 1011.5
1291202100  7.6 55 1011.5
1291202160  7.6 55 1011.5
1291202220  7.6 55 1011.5
1291202280  7.6 55 1011.5
1291202340  7.6 55 1011.4
1291202400  7.6 55 1011.4
1291202460  7.6 55 1011.4
1291202520  7.6 55 1011.4
1291202580  7.6 55 1011.4
1291202640  7.6 55 1011.4
1291202700  7.6 55 1011.4
1291202760  7.6 55 1011.5
1291202820  7.6 55 1011.4
1291202880  7.6 55 1011.4
1291202940  7.6 55 1011.4
1291203000  7.6 55 1011.4
1291203060  7.6 55 1011.4
1291203120  7.6 55 1011.4
1291203180  7.6 55 1011.4
1291203240  7.6 55 1011.4
1291203300  7.6 55 1011.3
1291203360  7.6 55 1011.2
1291203420  7.6 55 1011.3
1291203480  7.6 55 1011.3
1291203540  7.6 55 1011.3
1291203600  7.6 55 1011.4
1291203660  7.6 55 1011.4
1291203720  7.6 55 1011.4
1291203780  7.6 55 1011.3
1291203840  7.6 55 1011.4
1291203900  7.6 55 1011.2
1291203960  7.6 55 1011.3
1291204020  7.6 55 1011.2
1291204080  7.6 55 1011.2
1291204140  7.6 55 1011.2
1291204200  7.6 55 1011.3
1291204260  7.6 55 1011.3
1291204320  7.6 55 1011.3
1291204380  7.6 55 1011.2
1291204440  7.6 55 1011.1
1291204500  7.6 55 1011.1
1291204560  7.6 55 1011.0
1291204620  7.6 55 1011.0
1291204680  7.6 55 1011.0
1291204740  7.6 55 1011.0
1291204800  7.6 55 1010.9
1291204860  7.6 55 1010.9
1291204920  7.6 55 1010.9
1291204980  7.6 55 1010.9
1291205040  7.6 55 1010.9
1291205100  7.6 55 1010.9
1291205160  7.6 55 1011.0
1291205220  7.6 55 1010.9
1291205280  7.6 55 1010.9
1291205340  7.7 55 1010.8
1291205400  7.7 55 1010.8
1291205460  7.7 55 1010.8
1291205520  7.7 55 1010.8
1291205580  7.7 55 1010.9
1291205640  7.7 55 1010.9
1291205700  7.7 55 1010.8
1291205760  7.7 55 1010.8
1291205820  7.7 55 1010.8
1291205880  7.7 55 1010.9
1291205940  7.8 55 1010.8
1291206000  7.8 55 1010.7
1291206060  7.8 55 1010.7
1291206120  7.8 55 1010.7
1291206180  7.8 55 1010.7
1291206240  7.8 55 1010.7
1291206300  7.8 55 1010.7
1291206360  7.8 55 1010.7
1291206420  7.8 55 1010.7
1291206480  7.8 55 1010.7
1291206540  7.8 55 1010.7
1291206600  7.8 55 1010.7
1291206660  7.8 55 1010.6
1291206720  7.9 55 1010.5
1291206780  7.9 55 1010.5
1291206840  7.9 55 1010.5
1291206900  7.9 55 1010.6
1291206960  7.9 55 1010.6
1291207020  7.9 55 1010.5
1291207080  7.9 55 1010.6
1291207140  7.9 55 1010.6
1291207200  7.9 55 1010.5
1291207260  8.0 56 1010.5
1291207320  8.0 55 1010.6
1291207380  8.0 56 1010.6
1291207440  8.0 56 1010.6
1291207500  8.0 56 1010.5
1291207560  8.0 56 1010.5
1291207620  8.0 56 1010.5
1291207680  8.0 56 1010.4
1291207740  8.0 56 1010.5
1291207800  8.0 56 1010.5
1291207860  8.0 56 1010.5
1291207920  8.0 56 1010.5
1291207980  8.0 55 1010.5
1291208040  8.0 55 1010.5
1291208100  8.0 55 1010.5
1291208160  8.0 56 1010.4
1291208220  8.1 55 1010.4
1291208280  8.0 56 1010.4
1291208340  8.1 56 1010.5
1291208400  8.1 56 1010.4
1291208460  8.1 55 1010.4
1291208520  8.1 56 1010.4
1291208580  8.1 56 1010.4
1291208640  8.1 56 1010.4
1291208700  8.1 55 1010.3
1291208760  8.1 56 1010.3
1291208820  8.2 55 1010.4
1291208880  8.2 55 1010.3
1291208940  8.2 55 1010.4
1291209000  8.2 55 1010.4
1291209060  8.2 55 1010.4
1291209120  8.2 55 1010.4
1291209180  8.2 55 1010.4
1291209240  8.2 55 1010.4
1291209300  8.2 55 1010.4
1291209360  8.2 55 1010.3
1291209420  8.2 55 1010.4
1291209480  8.3 55 1010.4
1291209540  8.2 55 1010.3
1291209600  8.3 55 1010.3
1291209660  8.3 55 1010.4
1291209720  8.3 55 1010.4
1291209780  8.3 55 1010.4
1291209840  8.3 55 1010.4
1291209900  8.3 55 1010.4
1291209960  8.3 55 1010.3
1291210020  8.3 55 1010.3
1291210080  8.4 55 1010.3
1291210140  8.3 55 1010.2
1291210200  8.4 55 1010.3
1291210260  8.4 55 1010.3
1291210320  8.4 55 1010.3
1291210380  8.3 55 1010.2
1291210440  8.3 55 1010.2
1291210500  8.4 55 1010.2
1291210560  8.4 55 1010.1
1291210620  8.4 55 1010.2
1291210680  8.4 55 1010.1
1291210740  8.4 55 1010.1
1291210800  8.4 55 1010.2
1291210860  8.4 55 1010.1
1291210920  8.4 55 1010.2
1291210980  8.4 55 1010.1
1291211040  8.4 55 1010.1
1291211100  8.4 55 1010.1
1291211160  8.4 55 1010.1
1291211220  8.4 55 1010.1
1291211280  8.4 55 1010.0
1291211340  8.4 55 1010.0
1291211400  8.5 55 1010.0
1291211460  8.5 55 1010.1
1291211520  8.5 55 1010.0
1291211580  8.5 55 1010.0
1291211640  8.5 55 1010.0
1291211700  8.5 55 1010.0
1291211760  8.5 55 1010.0
1291211820  8.5 55 1010.0
1291211880  8.5 55 1010.0
1291211940  8.5 55 1010.0
1291212000  8.5 55 1010.1
1291212060  8.6 55 1009.9
1291212120  8.5 55 1009.9
1291212180  8.6 55 1009.9
1291212240  8.6 55 1009.9
1291212300  8.6 55 1010.0
1291212360  8.6 55 1009.9
1291212420  8.6 55 1010.0
1291212480  8.6 55 1009.9
1291212540  8.6 55 1009.9
1291212600  8.6 55 1010.1
1291212660  8.6 55 1010.0
1291212720  8.6 55 1009.9
1291212780  8.6 55 1009.9
1291212840  8.6 55 1009.9
1291212900  8.6 55 1010.1
1291212960  8.6 55 1010.0
1291213020  8.6 55 1010.0
1291213080  8.6 55 1009.9
1291213140  8.6 55 1009.9
1291213200  8.6 55 1009.9
1291213260  8.6 55 1010.0
1291213320  8.6 55 1010.0
1291213380  8.6 55 1010.0
1291213440  8.6 55 1010.0
1291213500  8.6 55 1010.0
1291213560  8.6 55 1010.0
1291213620  8.6 55 1010.0
1291213680  8.6 55 1010.0
1291213740  8.6 55 1010.0
1291213800  8.6 55 1009.9
1291213860  8.6 54 1009.9
1291213920  8.6 55 1010.0
1291213980  8.6 55 1010.0
1291214040  8.6 55 1010.0
1291214100  8.6 55 1009.9
1291214160  8.6 55 1010.0
1291214220  8.6 55 1010.0
1291214280  8.6 55 1010.0
1291214340  8.6 55 1009.9
1291214400  8.6 55 1009.9
1291214460  8.6 55 1009.9
1291214520  8.6 55 1010.0
1291214580  8.6 55 1010.0
1291214640  8.6 55 1009.9
1291214700  8.6 55 1009.9
1291214760  8.6 55 1009.9
1291214820  8.6 55 1009.9
1291214880  8.6 54 1009.9
1291214940  8.6 54 1009.8
1291215000  8.6 54 1009.9
1291215060  8.6 54 1009.8
1291215120  8.5 54 1009.8
1291215180  8.5 54 1009.7
1291215240  8.6 54 1009.8
1291215300  8.6 54 1009.8
1291215360  8.6 54 1009.8
1291215420  8.6 54 1009.8
1291215480  8.5 54 1009.8
1291215540  8.5 54 1009.8
1291215600  8.5 54 1009.7
1291215660  8.5 54 1009.7
1291215720  8.5 54 1009.7
1291215780  8.5 54 1009.7
1291215840  8.5 54 1009.7
1291215900  8.5 54 1009.7
1291215960  8.5 54 1009.7
1291216020  8.5 54 1009.7
1291216080  8.5 54 1009.6
1291216140  8.5 54 1009.7
1291216200  8.4 54 1009.7
1291216260  8.5 54 1009.6
1291216320  8.5 54 1009.6
1291216380  8.4 54 1009.6
1291216440  8.5 54 1009.6
1291216500  8.4 54 1009.6
1291216560  8.4 54 1009.6
1291216620  8.4 54 1009.6
1291216680  8.4 54 1009.6
1291216740  8.4 54 1009.5
1291216800  8.4 54 1009.5
1291216860  8.4 54 1009.6
1291216920  8.4 54 1009.6
1291216980  8.4 54 1009.6
1291217040  8.4 54 1009.6
1291217100  8.4 54 1009.6
1291217160  8.4 54 1009.6
1291217220  8.4 54 1009.6
1291217280  8.4 54 1009.6
1291217340  8.4 54 1009.5
1291217400  8.4 54 1009.5
1291217460  8.4 54 1009.5
1291217520  8.4 54 1009.6
1291217580  8.4 54 1009.5
1291217700  8.4 54 1009.5
1291217760  8.4 54 1009.5
1291217820  8.4 54 1009.5
1291217880  8.4 54 1009.5
1291217940  8.4 54 1009.5
1291218000  8.4 54 1009.5
1291218060  8.4 54 1009.5
1291218120  8.3 54 1009.6
1291218180  8.3 54 1009.6
1291218240  8.3 54 1009.6
1291218300  8.3 54 1009.7
1291218360  8.3 54 1009.7
1291218420  8.3 54 1009.7
1291218480  8.3 54 1009.7
1291218540  8.3 54 1009.6
1291218600  8.3 54 1009.6
1291218660  8.3 54 1009.6
1291218720  8.3 54 1009.6
1291218780  8.3 54 1009.7
1291218840  8.3 54 1009.7
1291218900  8.3 54 1009.7
1291218960  8.3 54 1009.7
1291219020  8.3 54 1009.7
1291219080  8.2 54 1009.7
1291219140  8.3 54 1009.7
1291219200  8.2 54 1009.7
1291219260  8.2 54 1009.7
1291219320  8.2 54 1009.7
1291219380  8.2 54 1009.7
1291219440  8.2 54 1009.7
1291219500  8.2 54 1009.7
1291219560  8.2 54 1009.7
1291219620  8.2 54 1009.7
1291219680  8.2 54 1009.6
1291219740  8.2 54 1009.7
1291219800  8.2 54 1009.6
1291219860  8.2 54 1009.6
1291219920  8.2 54 1009.7
1291219980  8.2 54 1009.6
1291220040  8.2 54 1009.7
1291220100  8.2 54 1009.7
1291220160  8.2 54 1009.7
1291220220  8.2 54 1009.7
1291220280  8.2 54 1009.8
1291220340  8.2 54 1009.7
1291220400  8.2 54 1009.7
1291220460  8.1 54 1009.7
1291220520  8.2 54 1009.7
1291220580  8.2 54 1009.7
1291220640  8.2 54 1009.7
1291220700  8.1 54 1009.7
1291220760  8.1 54 1009.7
1291220820  8.1 54 1009.7
1291220880  8.1 54 1009.6
1291220940  8.1 54 1009.7
1291221000  8.1 54 1009.7
1291221060  8.1 54 1009.7
1291221120  8.1 54 1009.6
1291221180  8.1 54 1009.6
1291221240  8.1 54 1009.6
1291221300  8.1 54 1009.6
1291221360  8.1 54 1009.6
1291221420  8.1 54 1009.6
1291221480  8.1 54 1009.6
1291221540  8.1 54 1009.6
1291221600  8.1 54 1009.5
1291221660  8.1 54 1009.6
1291221720  8.1 54 1009.6
1291221780  8.1 54 1009.6
1291221840  8.1 54 1009.6
1291221900  8.1 54 1009.6
1291221960  8.1 54 1009.6
1291222020  8.1 54 1009.6
1291222080  8.1 54 1009.5
1291222140  8.0 54 1009.6
1291222200  8.0 54 1009.5
1291222260  8.0 54 1009.7
1291222320  8.0 54 1009.6
1291222380  8.0 54 1009.7
1291222440  8.0 54 1009.5
1291222500  8.0 54 1009.6
1291222560  8.0 54 1009.6
1291222620  8.0 54 1009.6
1291222680  8.0 54 1009.7
1291222740  8.0 54 1009.8
1291222800  8.0 54 1009.8
1291222860  8.0 54 1009.9
1291222920  8.0 54 1009.9
1291222980  8.0 54 1009.9
1291223040  8.0 54 1009.9
1291223100  8.0 54 1009.9
1291223160  8.0 54 1009.9
1291223220  8.0 54 1009.9
1291223280  8.0 54 1009.9
1291223340  8.0 54 1010.0
1291223400  8.0 54 1010.0
1291223460  8.0 54 1009.9
1291223520  8.0 54 1009.9
1291223580  8.0 54 1009.9
1291223640  8.0 54 1010.0
1291223700  8.0 54 1010.0
1291223760  8.0 54 1010.0
1291223820  8.0 54 1010.0
1291223940  8.0 54 1010.0
1291224000  8.0 54 1010.0
1291224060  8.0 54 1010.0
1291224120  8.0 54 1009.9
1291224180  8.0 54 1010.0
1291224240  8.0 54 1009.9
1291224300  8.0 54 1010.0
1291224360  8.0 54 1009.9
1291224420  8.0 54 1009.9
1291224480  8.0 54 1009.9
1291224540  8.0 54 1009.9
1291224600  8.0 54 1009.9
1291224660  8.0 54 1009.9
1291224720  8.0 54 1009.9
1291224780  8.0 54 1009.9
1291224840  8.0 54 1010.0
1291224900  8.0 54 1009.9
1291224960  8.0 54 1009.9
1291225020  8.0 54 1009.9
1291225080  7.9 54 1009.9
1291225140  7.9 54 1009.9
1291225200  7.9 54 1009.9
1291225260  7.9 54 1009.9
1291225320  8.0 54 1009.9
1291225380  7.9 54 1009.9
1291225440  8.0 54 1009.9
1291225500  7.9 54 1009.9
1291225560  8.0 54 1009.9
1291225620  7.9 54 1009.9
1291225680  7.9 54 1009.9
1291225740  7.9 54 1009.9
1291225800  7.9 54 1009.9
1291225860  7.9 54 1009.9
1291225920  7.9 54 1009.9
1291225980  7.9 54 1009.9
1291226040  7.9 54 1010.0
1291226100  7.9 54 1010.0
1291226160  7.9 54 1009.9
1291226220  7.9 54 1009.9
1291226280  7.9 54 1010.1
1291226340  7.9 54 1010.1
1291226400  7.9 54 1010.1
1291226460  7.9 54 1010.0
1291226520  7.9 54 1010.0
1291226580  7.9 54 1010.0
1291226640  7.9 54 1010.0
1291226700  7.8 54 1010.0
1291226760  7.8 54 1010.1
1291226820  7.9 54 1010.1
1291226880  7.9 54 1010.1
1291226940  7.9 54 1010.1
1291227000  7.9 54 1010.1
1291227060  7.8 54 1010.2
1291227120  7.9 54 1010.2
1291227180  7.8 54 1010.2
1291227240  7.9 54 1010.1
1291227480  7.8 54 1010.2
1291227540  7.8 54 1010.2
1291227600  7.8 54 1010.1
1291227660  7.8 54 1010.1
1291227720  7.8 54 1010.1
1291227780  7.8 54 1010.0
1291227840  7.8 54 1010.1
1291227900  7.8 54 1010.0
1291227960  7.8 54 1010.1
1291228020  7.8 54 1010.0
1291228080  7.8 54 1010.0
1291228140  7.8 54 1010.0
1291228200  7.8 54 1010.1
1291228260  7.8 54 1010.0
1291228320  7.8 54 1010.1
1291228380  7.8 54 1010.1
1291228440  7.8 54 1010.2
1291228500  7.8 54 1010.1
1291228560  7.8 54 1010.1
1291228620  7.8 54 1010.1
1291228680  7.8 54 1010.1
1291228740  7.8 54 1010.1
1291228800  7.8 54 1010.1
1291228860  7.8 54 1010.1
1291228920  7.8 54 1010.1
1291228980  7.8 54 1010.1
1291229040  7.8 54 1010.1
1291229100  7.8 54 1010.1
1291229160  7.8 54 1010.1
1291229220  7.8 54 1010.2
1291229280  7.8 54 1010.1
1291229340  7.8 54 1010.1
1291229400  7.8 54 1010.1
1291229460  7.8 54 1010.1
1291229520  7.8 54 1010.1
1291229580  7.8 54 1010.1
1291229640  7.8 54 1010.1
1291229700  7.8 54 1010.1
1291229760  7.8 54 1010.1
1291229820  7.8 54 1010.0
1291229880  7.8 54 1010.0
1291229940  7.8 54 1010.0
1291230000  7.8 54 1010.0
1291230060  7.8 54 1010.1
1291230120  7.8 54 1010.0
1291230180  7.8 54 1010.0
1291230240  7.8 54 1010.0
1291230300  7.8 54 1010.1
1291230360  7.8 54 1010.1
1291230420  7.8 54 1010.1
1291230480  7.8 54 1010.1
1291230540  7.8 54 1010.1
1291230600  7.8 54 1010.1
1291230660  7.8 54 1010.1
1291230720  7.8 54 1010.1
1291230780  7.8 54 1010.1
1291230840  7.7 54 1010.1
1291230900  7.8 54 1010.2
1291231080  7.7 54 1010.1
1291231140  7.7 54 1010.1
1291231200  7.7 54 1010.1
1291231260  7.7 54 1010.2
1291231320  7.7 54 1010.1
1291231380  7.7 54 1010.1
1291231440  7.7 54 1010.1
1291231500  7.7 54 1010.1
1291231560  7.7 54 1010.1
1291231620  7.7 54 1010.1
1291231680  7.7 54 1010.0
1291231740  7.7 54 1010.0
1291231800  7.7 54 1010.0
1291231860  7.7 54 1010.1
1291231920  7.7 54 1010.0
1291231980  7.7 54 1010.0
1291232040  7.7 54 1010.0
1291232100  7.7 54 1010.0
1291232160  7.7 54 1010.1
1291232220  7.7 54 1010.0
1291232280  7.7 54 1010.0
1291232340  7.7 54 1010.0
1291232400  7.7 54 1010.0
1291232460  7.7 54 1010.1
1291232520  7.7 54 1010.1
1291232580  7.7 54 1010.1
1291232640  7.7 54 1010.1
1291232700  7.7 54 1010.1
1291232760  7.7 54 1010.1
1291232820  7.7 54 1010.1
1291232880  7.7 54 1010.0
1291232940  7.7 54 1010.0
1291233000  7.7 54 1010.0
1291233060  7.7 54 1010.0
1291233120  7.7 54 1010.0
1291233180  7.7 54 1010.1
1291233240  7.7 54 1010.0
1291233300  7.7 54 1010.1
1291233360  7.7 54 1010.1
1291233420  7.7 54 1010.1
1291233480  7.7 54 1010.1
1291233540  7.7 54 1010.1
1291233600  7.7 54 1010.1
1291233660  7.7 54 1010.2
1291233720  7.7 54 1010.1
1291233780  7.7 54 1010.2
1291233840  7.7 54 1010.1
1291233900  7.7 54 1010.0
1291233960  7.7 54 1010.1
1291234020  7.7 54 1010.1
1291234080  7.7 54 1010.1
1291234140  7.7 54 1010.2
1291234200  7.7 54 1010.1
1291234260  7.7 54 1010.1
1291234320  7.7 54 1010.1
1291234380  7.7 54 1010.1
1291234440  7.7 54 1010.2
1291234500  7.7 54 1010.1
1291234680  7.7 54 1010.1
1291234740  7.7 54 1010.1
1291234800  7.7 54 1010.2
1291234860  7.7 54 1010.2
1291234920  7.7 54 1010.2
1291235040  7.7 54 1010.2
1291235100  7.6 54 1010.2
1291235160  7.7 54 1010.1
1291235220  7.7 54 1010.2
1291235280  7.6 54 1010.1
1291235340  7.6 54 1010.2
1291235400  7.7 54 1010.2
1291235460  7.7 54 1010.2
1291235520  7.7 54 1010.2
1291235580  7.6 55 1010.2
1291235640  7.6 55 1010.1
1291235700  7.6 55 1010.1
1291235760  7.6 54 1010.2
1291235820  7.6 55 1010.2
1291235880  7.6 55 1010.2
1291235940  7.6 55 1010.2
1291236000  7.6 55 1010.2
1291236060  7.6 55 1010.2
1291236120  7.6 55 1010.2
1291236180  7.6 55 1010.2
1291236240  7.6 55 1010.2
1291236300  7.6 55 1010.2
1291236360  7.6 54 1010.2
1291236420  7.6 55 1010.1
1291236480  7.6 55 1010.1
1291236540  7.6 55 1010.2
1291236600  7.6 55 1010.2
1291236660  7.6 55 1010.2
1291236720  7.6 55 1010.2
1291236780  7.6 55 1010.2
1291236840  7.6 55 1010.2
1291236900  7.6 55 1010.2
1291236960  7.6 55 1010.1
1291237020  7.6 55 1010.1
1291237080  7.6 55 1010.2
1291237140  7.6 55 1010.2
1291237200  7.6 55 1010.1
1291237260  7.6 55 1010.1
1291237320  7.6 55 1010.1
1291237380  7.6 55 1010.1
1291237440  7.6 55 1010.2
1291237500  7.6 55 1010.2
1291237560  7.6 55 1010.2
1291237620  7.6 55 1010.2
1291237680  7.6 55 1010.3
1291237740  7.6 55 1010.2
1291237800  7.6 55 1010.2
1291237860  7.6 55 1010.2
1291237920  7.6 55 1010.2
1291238040  7.6 55 1010.1
1291238100  7.6 55 1010.1
1291238280  7.6 55 1010.1
1291238340  7.6 55 1010.2
1291238400  7.6 55 1010.1
1291238460  7.6 55 1010.1
1291238520  7.6 55 1010.1
1291238580  7.6 55 1010.1
1291238640  7.6 55 1010.2
1291238700  7.6 55 1010.1
1291238820  7.6 55 1010.1
1291238880  7.6 55 1010.2
1291238940  7.6 55 1010.1
1291239000  7.6 55 1010.2
1291239060  7.6 55 1010.2
1291239120  7.6 55 1010.2
1291239180  7.6 55 1010.3
1291239240  7.6 55 1010.3
1291239300  7.6 55 1010.3
1291239360  7.6 55 1010.2
1291239420  7.6 55 1010.1
1291239480  7.6 55 1010.1
1291239540  7.6 55 1010.1
1291239600  7.6 55 1010.1
1291239660  7.6 55 1010.1
1291239720  7.6 55 1010.1
1291239780  7.6 55 1010.1
1291239840  7.6 55 1010.3
1291239900  7.6 55 1010.2
1291239960  7.6 55 1010.1
1291240020  7.6 55 1010.1
1291240080  7.6 55 1010.2
1291240140  7.6 55 1010.2
1291240200  7.6 55 1010.2
1291240260  7.6 55 1010.3
1291240320  7.6 55 1010.3
1291240380  7.6 55 1010.3
1291240440  7.6 55 1010.2
1291240500  7.6 55 1010.3
1291240560  7.6 55 1010.1
1291240620  7.6 55 1010.1
1291240680  7.6 55 1010.2
1291240740  7.6 55 1010.2
1291240800  7.6 55 1010.2
1291240860  7.6 55 1010.2
1291240920  7.6 55 1010.2
1291240980  7.6 55 1010.1
1291241040  7.6 55 1010.0
1291241100  7.6 55 1010.0
1291241160  7.6 55 1010.0
1291241220  7.6 55 1010.0
1291241280  7.6 55 1010.0
1291241340  7.6 55 1010.0
1291241400  7.6 55 1010.1
1291241460  7.6 55 1010.1
1291241520  7.6 55 1010.1
1291241580  7.6 55 1010.0
1291241640  7.6 55 1010.0
1291241700  7.6 55 1010.1
1291241760  7.6 55 1010.1
1291241820  7.6 55 1010.1
1291241880  7.6 55 1010.0
1291241940  7.6 55 1010.1
1291242000  7.6 55 1010.2
1291242060  7.6 55 1010.2
1291242120  7.6 55 1010.2
1291242180  7.6 55 1010.0
1291242240  7.6 55 1010.0
1291242300  7.6 55 1010.0
1291242360  7.6 55 1010.0
1291242420  7.6 55 1010.0
1291242480  7.6 55 1010.0
1291242540  7.6 55 1010.0
1291242600  7.6 55 1010.1
1291242660  7.6 55 1010.1
1291242720  7.6 55 1010.1
1291242780  7.6 55 1010.0
1291242840  7.6 55 1010.0
1291242900  7.6 55 1010.0
1291242960  7.6 55 1010.1
1291243020  7.6 55 1010.1
1291243080  7.6 55 1010.1
1291243140  7.6 55 1010.0
1291243200  7.6 55 1010.1
1291243260  7.6 55 1010.1
1291243320  7.6 55 1010.1
1291243380  7.6 55 1010.0
1291243440  7.6 55 1010.0
1291243500  7.6 55 1010.1
1291243560  7.6 55 1010.1
1291243620  7.6 55 1010.1
1291243680  7.6 55 1010.1
1291243740  7.6 55 1010.0
1291243800  7.6 55 1010.1
1291243860  7.6 55 1010.1
1291243920  7.6 55 1010.0
1291243980  7.6 55 1010.0
1291244040  7.6 55 1010.0
1291244100  7.6 55 1010.1
1291244160  7.6 55 1010.0
1291244220  7.6 55 1010.1
1291244280  7.6 55 1010.0
1291244340  7.6 55 1010.1
1291244400  7.6 55 1010.0
1291244460  7.6 55 1010.1
1291244520  7.6 55 1010.1
1291244580  7.6 55 1010.1
1291244640  7.6 55 1010.1
1291244700  7.6 55 1010.1
1291244760  7.6 55 1010.2
1291244820  7.6 55 1010.2
1291244880  7.6 55 1010.2
1291244940  7.6 55 1010.3
1291245000  7.6 55 1010.2
1291245060  7.6 55 1010.2
1291245120  7.6 55 1010.2
1291245180  7.6 55 1010.2
1291245240  7.6 55 1010.2
1291245300  7.6 55 1010.2
1291245360  7.6 55 1010.2
1291245420  7.6 55 1010.1
1291245480  7.6 55 1010.2
1291245540  7.6 55 1010.2
1291245600  7.6 55 1010.1
1291245660  7.6 55 1010.2
1291245720  7.6 55 1010.0
1291245780  7.6 55 1010.2
1291245840  7.6 55 1010.2
1291245900  7.6 55 1010.2
1291245960  7.6 55 1010.1
1291246020  7.6 55 1010.0
1291246080  7.6 55 1010.0
1291246140  7.6 55 1010.0
1291246200  7.6 55 1010.0
1291246260  7.6 55 1010.1
1291246320  7.6 55 1010.0
1291246380  7.6 55 1010.1
1291246440  7.6 55 1010.1
1291246500  7.6 55 1010.1
1291246560  7.6 55 1010.0
1291246620  7.6 55 1010.0
1291246680  7.6 55 1010.0
1291246740  7.6 55 1010.0
1291246800  7.6 55 1010.0
1291246860  7.6 55 1010.0
1291246920  7.6 55 1010.0
1291246980  7.6 55 1010.0
1291247040  7.6 55 1010.0
1291247100  7.6 55 1010.0
1291247160  7.6 55 1009.9
1291247220  7.6 55 1010.0
1291247280  7.6 55 1009.9
1291247340  7.6 55 1010.0
1291247400  7.6 55 1010.0
1291247520  7.6 55 1010.0
1291247580  7.6 55 1010.0
1291247640  7.6 55 1010.0
1291247700  7.6 55 1010.0
1291247760  7.6 55 1010.0
1291247820  7.6 55 1010.0
1291247880  7.6 55 1010.0
1291247940  7.6 55 1009.9
