1291939200  7.2 56 1032.7
1291939260  7.2 56 1032.7
1291939320  7.2 56 1032.7
1291939380  7.2 56 1032.7
1291939440  7.2 56 1032.7
1291939500  7.2 56 1032.7
1291939620  7.2 56 1032.7
1291939680  7.2 56 1032.7
1291939740  7.2 56 1032.8
1291939800  7.2 56 1032.8
1291939860  7.2 56 1032.8
1291939920  7.2 56 1032.8
1291939980  7.2 56 1032.9
1291940040  7.2 56 1032.9
1291940100  7.2 56 1032.8
1291940160  7.2 56 1032.9
1291940220  7.2 56 1032.8
1291940280  7.2 56 1032.9
1291940340  7.2 56 1032.8
1291940400  7.2 56 1032.8
1291940460  7.2 56 1032.8
1291940520  7.2 56 1032.8
1291940580  7.2 56 1032.8
1291940640  7.2 56 1032.8
1291940700  7.2 56 1032.8
1291940760  7.2 56 1032.8
1291940820  7.2 56 1032.8
1291940880  7.2 56 1032.8
1291940940  7.2 56 1032.8
1291941000  7.2 56 1032.9
1291941060  7.2 56 1032.9
1291941120  7.2 56 1032.9
1291941180  7.2 56 1032.8
1291941240  7.2 56 1032.9
1291941300  7.2 56 1032.8
1291941360  7.2 56 1032.8
1291941420  7.2 56 1032.7
1291941480  7.2 56 1032.8
1291941540  7.2 56 1032.8
1291941600  7.2 56 1032.8
1291941660  7.2 56 1032.9
1291941720  7.2 56 1032.9
1291941780  7.2 56 1032.9
1291941840  7.2 57 1032.9
1291941900  7.2 56 1032.9
1291941960  7.2 57 1032.9
1291942020  7.2 56 1032.8
1291942080  7.2 57 1032.8
1291942140  7.2 57 1032.8
1291942200  7.2 57 1032.8
1291942260  7.2 57 1032.9
1291942320  7.2 57 1032.8
1291942380  7.2 57 1032.8
1291942440  7.2 57 1032.9
1291942500  7.2 57 1032.9
1291942560  7.2 57 1032.9
1291942620  7.2 57 1032.9
1291942680  7.2 57 1032.9
1291942740  7.2 57 1032.8
1291942860  7.2 57 1032.9
1291942920  7.2 57 1032.9
1291942980  7.2 57 1032.9
1291943040  7.2 57 1032.8
1291943100  7.2 57 1032.8
1291943160  7.2 57 1032.8
1291943220  7.2 57 1032.9
1291943280  7.2 57 1032.9
1291943340  7.2 57 1032.8
1291943400  7.2 57 1032.9
1291943460  7.2 57 1033.0
1291943520  7.2 57 1033.1
1291943580  7.2 57 1033.1
1291943640  7.2 57 1033.1
1291943700  7.2 57 1033.0
1291943760  7.2 57 1033.0
1291943820  7.2 57 1033.0
1291943880  7.2 57 1033.0
1291943940  7.2 57 1033.0
1291944000  7.2 57 1033.1
1291944060  7.2 57 1033.1
1291944120  7.2 57 1033.2
1291944180  7.2 57 1033.2
1291944240  7.2 57 1033.2
1291944300  7.2 57 1033.2
1291944360  7.2 57 1033.1
1291944420  7.2 57 1033.1
1291944480  7.2 57 1033.1
1291944540  7.2 57 1033.2
1291944600  7.2 57 1033.2
1291944660  7.2 57 1033.1
1291944720  7.2 57 1033.1
1291944780  7.2 57 1033.1
1291944840  7.2 57 1033.1
1291944900  7.2 57 1033.1
1291944960  7.2 57 1033.0
1291945020  7.2 57 1033.1
1291945080  7.3 57 1033.1
1291945140  7.2 57 1033.1
1291945200  7.2 57 1033.1
1291945260  7.2 57 1033.1
1291945320  7.3 57 1033.1
1291945380  7.3 57 1033.1
1291945440  7.3 57 1033.1
1291945500  7.3 57 1033.3
1291945560  7.2 57 1033.3
1291945620  7.2 57 1033.2
1291945680  7.2 57 1033.3
1291945740  7.3 57 1033.3
1291945800  7.3 57 1033.4
1291945860  7.2 57 1033.3
1291945920  7.2 57 1033.3
1291945980  7.2 57 1033.3
1291946040  7.2 57 1033.3
1291946100  7.2 57 1033.2
1291946160  7.3 57 1033.3
1291946220  7.2 57 1033.2
1291946280  7.3 57 1033.2
1291946340  7.2 57 1033.2
1291946400  7.3 57 1033.2
1291946460  7.3 57 1033.1
1291946520  7.3 57 1033.1
1291946580  7.3 57 1033.1
1291946640  7.3 57 1033.1
1291946700  7.2 57 1033.1
1291946760  7.2 57 1033.2
1291946820  7.3 57 1033.1
1291946880  7.2 57 1033.1
1291946940  7.2 57 1033.1
1291947000  7.2 57 1033.1
1291947060  7.3 57 1033.1
1291947120  7.2 57 1033.1
1291947180  7.2 57 1033.1
1291947240  7.2 57 1033.1
1291947300  7.3 57 1033.0
1291947360  7.2 57 1032.9
1291947420  7.2 57 1033.0
1291947480  7.3 57 1033.1
1291947540  7.3 57 1033.0
1291947600  7.2 57 1032.9
1291947660  7.3 57 1033.0
1291947720  7.2 57 1033.0
1291947780  7.3 57 1033.0
1291947840  7.3 57 1033.0
1291947900  7.3 57 1033.1
1291947960  7.3 57 1033.2
1291948020  7.3 57 1033.1
1291948080  7.3 57 1033.2
1291948140  7.3 57 1033.2
1291948200  7.2 57 1033.2
1291948260  7.3 57 1033.2
1291948320  7.3 57 1033.2
1291948380  7.3 57 1033.2
1291948440  7.3 57 1033.2
1291948500  7.3 57 1033.2
1291948560  7.2 57 1033.2
1291948620  7.3 57 1033.2
1291948680  7.3 57 1033.2
1291948740  7.3 57 1033.2
1291948800  7.3 57 1033.2
1291948860  7.3 57 1033.2
1291948920  7.3 57 1033.2
1291948980  7.3 57 1033.2
1291949040  7.3 57 1033.2
1291949100  7.3 57 1033.1
1291949160  7.3 57 1033.1
1291949220  7.3 57 1033.1
1291949280  7.3 57 1033.1
1291949340  7.3 57 1032.9
1291949400  7.3 57 1032.9
1291949460  7.3 57 1032.9
1291949520  7.3 57 1033.1
1291949580  7.3 57 1033.1
1291949640  7.3 57 1033.1
1291949700  7.3 57 1033.0
1291949760  7.3 57 1033.1
1291949820  7.3 57 1033.1
1291949880  7.3 57 1033.2
1291949940  7.3 57 1033.2
1291950000  7.3 57 1033.2
1291950060  7.3 57 1033.2
1291950120  7.3 57 1033.1
1291950180  7.3 57 1033.1
1291950240  7.3 57 1033.1
1291950300  7.3 57 1033.0
1291950360  7.3 57 1033.2
1291950420  7.3 57 1033.2
1291950480  7.3 57 1033.3
1291950540  7.3 57 1033.3
1291950600  7.3 57 1033.3
1291950660  7.3 57 1033.3
1291950720  7.3 57 1033.3
1291950780  7.3 57 1033.3
1291950840  7.3 57 1033.3
1291950900  7.3 57 1033.3
1291950960  7.3 57 1033.3
1291951020  7.3 57 1033.3
1291951080  7.3 57 1033.3
1291951140  7.3 57 1033.3
1291951200  7.3 57 1033.3
1291951260  7.3 57 1033.4
1291951320  7.3 57 1033.4
1291951380  7.3 57 1033.3
1291951440  7.3 57 1033.3
1291951500  7.3 57 1033.3
1291951560  7.3 57 1033.3
1291951620  7.3 57 1033.3
1291951680  7.3 57 1033.3
1291951740  7.3 57 1033.3
1291951800  7.3 57 1033.3
1291951860  7.3 57 1033.3
1291951920  7.3 57 1033.3
1291951980  7.3 57 1033.3
1291952040  7.3 57 1033.3
1291952100  7.3 57 1033.3
1291952160  7.3 57 1033.3
1291952220  7.3 57 1033.3
1291952280  7.3 57 1033.3
1291952340  7.3 57 1033.3
1291952400  7.3 57 1033.2
1291952460  7.3 57 1033.3
1291952520  7.3 57 1033.2
1291952580  7.3 57 1033.2
1291952640  7.3 57 1033.3
1291952700  7.3 57 1033.3
1291952760  7.3 57 1033.3
1291952820  7.3 57 1033.3
1291952880  7.3 57 1033.2
1291952940  7.3 57 1033.3
1291953000  7.3 57 1033.3
1291953060  7.3 57 1033.3
1291953120  7.3 57 1033.3
1291953180  7.3 57 1033.2
1291953240  7.3 57 1033.2
1291953300  7.3 57 1033.2
1291953360  7.3 57 1033.2
1291953420  7.3 57 1033.2
1291953480  7.3 57 1033.2
1291953540  7.3 57 1033.2
1291953600  7.3 57 1033.2
1291953660  7.3 57 1033.2
1291953720  7.3 57 1033.1
1291953780  7.3 57 1033.1
1291953840  7.3 57 1033.1
1291953900  7.3 57 1033.1
1291953960  7.3 57 1033.1
1291954020  7.3 57 1033.1
1291954080  7.3 57 1033.0
1291954140  7.3 57 1033.0
1291954200  7.3 57 1033.1
1291954260  7.3 57 1033.0
1291954320  7.3 57 1033.1
1291954380  7.3 57 1033.1
1291954440  7.3 57 1033.1
1291954500  7.3 57 1033.1
1291954560  7.3 57 1033.1
1291954620  7.3 57 1033.1
1291954680  7.3 57 1033.2
1291954740  7.3 57 1033.2
1291954800  7.3 57 1033.1
1291954860  7.3 57 1033.1
1291954920  7.3 57 1033.2
1291954980  7.3 57 1033.3
1291955040  7.3 57 1033.2
1291955100  7.3 57 1033.2
1291955160  7.3 57 1033.2
1291955220  7.3 57 1033.3
1291955280  7.3 57 1033.2
1291955400  7.3 57 1033.3
1291955460  7.3 57 1033.3
1291955520  7.3 57 1033.4
1291955580  7.3 57 1033.3
1291955640  7.3 57 1033.3
1291955700  7.3 57 1033.3
1291955760  7.3 57 1033.3
1291955820  7.3 57 1033.3
1291955880  7.3 57 1033.4
1291955940  7.3 57 1033.3
1291956000  7.3 57 1033.3
1291956060  7.3 57 1033.3
1291956120  7.3 57 1033.4
1291956180  7.3 57 1033.3
1291956240  7.3 57 1033.3
1291956300  7.3 57 1033.3
1291956360  7.3 57 1033.3
1291956420  7.3 57 1033.3
1291956480  7.3 57 1033.3
1291956540  7.3 57 1033.3
1291956600  7.3 57 1033.4
1291956660  7.3 57 1033.4
1291956720  7.3 57 1033.4
1291956780  7.3 57 1033.4
1291956840  7.3 57 1033.4
1291956900  7.3 57 1033.4
1291956960  7.3 57 1033.4
1291957020  7.3 57 1033.4
1291957080  7.3 57 1033.4
1291957140  7.3 57 1033.3
1291957200  7.3 57 1033.4
1291957260  7.3 57 1033.3
1291957320  7.3 57 1033.4
1291957380  7.3 57 1033.4
1291957440  7.3 57 1033.3
1291957500  7.3 57 1033.3
1291957560  7.3 57 1033.3
1291957620  7.3 57 1033.3
1291957680  7.3 57 1033.4
1291957740  7.3 57 1033.4
1291957800  7.3 57 1033.3
1291957860  7.3 57 1033.4
1291957920  7.3 57 1033.4
1291957980  7.3 57 1033.4
1291958040  7.3 57 1033.3
1291958100  7.3 57 1033.4
1291958160  7.3 57 1033.4
1291958220  7.3 57 1033.4
1291958280  7.3 57 1033.4
1291958340  7.3 57 1033.3
1291958400  7.3 57 1033.3
1291958460  7.3 57 1033.3
1291958520  7.3 57 1033.4
1291958580  7.3 57 1033.4
1291958640  7.3 57 1033.4
1291958700  7.3 57 1033.4
1291958760  7.3 57 1033.4
1291958820  7.4 57 1033.4
1291958880  7.3 57 1033.4
1291958940  7.4 57 1033.4
1291959000  7.3 57 1033.4
1291959060  7.3 57 1033.4
1291959120  7.3 57 1033.3
1291959180  7.3 57 1033.3
1291959240  7.3 57 1033.4
1291959300  7.3 57 1033.4
1291959360  7.3 57 1033.4
1291959420  7.3 57 1033.4
1291959480  7.3 57 1033.4
1291959540  7.3 57 1033.4
1291959600  7.3 57 1033.3
1291959660  7.3 57 1033.3
1291959720  7.3 57 1033.4
1291959780  7.3 57 1033.4
1291959840  7.3 57 1033.4
1291959900  7.3 57 1033.4
1291959960  7.3 57 1033.4
1291960020  7.3 57 1033.4
1291960080  7.3 57 1033.4
1291960140  7.4 57 1033.5
1291960200  7.3 57 1033.4
1291960320  7.3 57 1033.4
1291960380  7.3 57 1033.4
1291960440  7.3 57 1033.4
1291960500  7.3 57 1033.4
1291960560  7.3 57 1033.4
1291960620  7.3 57 1033.4
1291960680  7.3 57 1033.4
1291960740  7.3 57 1033.3
1291960800  7.3 57 1033.3
1291960860  7.3 57 1033.3
1291960920  7.3 57 1033.3
1291960980  7.3 57 1033.3
1291961040  7.3 57 1033.4
1291961100  7.3 57 1033.4
1291961160  7.3 57 1033.3
1291961220  7.3 57 1033.3
1291961280  7.3 57 1033.3
1291961340  7.3 57 1033.4
1291961400  7.3 57 1033.3
1291961460  7.3 57 1033.3
1291961520  7.3 57 1033.3
1291961580  7.3 57 1033.3
1291961640  7.3 57 1033.4
1291961700  7.3 57 1033.4
1291961760  7.3 57 1033.4
1291961820  7.3 57 1033.5
1291961880  7.3 57 1033.5
1291961940  7.3 57 1033.5
1291962000  7.3 57 1033.5
1291962060  7.3 57 1033.5
1291962120  7.3 57 1033.5
1291962180  7.3 57 1033.6
1291962240  7.3 57 1033.5
1291962300  7.3 57 1033.6
1291962360  7.3 57 1033.6
1291962420  7.3 57 1033.6
1291962480  7.3 57 1033.6
1291962540  7.3 57 1033.6
1291962600  7.3 57 1033.5
1291962660  7.3 57 1033.6
1291962720  7.3 57 1033.5
1291962780  7.3 57 1033.5
1291962840  7.3 57 1033.5
1291962900  7.3 57 1033.4
1291962960  7.3 57 1033.4
1291963020  7.3 57 1033.3
1291963080  7.3 57 1033.3
1291963140  7.3 57 1033.3
1291963200  7.3 57 1033.4
1291963260  7.3 57 1033.5
1291963320  7.3 57 1033.5
1291963380  7.3 57 1033.5
1291963440  7.3 57 1033.5
1291963500  7.4 57 1033.6
1291963560  7.3 57 1033.6
1291963620  7.3 57 1033.5
1291963680  7.3 57 1033.5
1291963740  7.3 57 1033.5
1291963800  7.3 57 1033.3
1291963860  7.3 57 1033.4
1291963920  7.3 57 1033.4
1291963980  7.3 57 1033.4
1291964040  7.3 57 1033.4
1291964100  7.3 57 1033.4
1291964160  7.3 57 1033.5
1291964220  7.3 57 1033.5
1291964280  7.3 57 1033.5
1291964340  7.3 57 1033.5
1291964400  7.3 57 1033.5
1291964460  7.3 57 1033.5
1291964520  7.3 57 1033.6
1291964580  7.3 57 1033.6
1291964640  7.3 57 1033.5
1291964700  7.3 57 1033.5
1291964760  7.3 57 1033.5
1291964820  7.3 57 1033.6
1291964880  7.3 57 1033.6
1291964940  7.3 57 1033.6
1291965000  7.3 57 1033.5
1291965060  7.3 57 1033.6
1291965120  7.3 57 1033.5
1291965180  7.3 57 1033.5
1291965240  7.3 57 1033.5
1291965300  7.3 58 1033.5
1291965360  7.3 57 1033.5
1291965420  7.3 57 1033.4
1291965480  7.3 57 1033.4
1291965540  7.3 57 1033.4
1291965600  7.3 57 1033.3
1291965660  7.3 57 1033.4
1291965720  7.3 57 1033.4
1291965780  7.3 57 1033.4
1291965840  7.3 57 1033.4
1291965900  7.3 57 1033.5
1291965960  7.3 57 1033.5
1291966020  7.3 57 1033.5
1291966080  7.3 57 1033.5
1291966140  7.3 57 1033.5
1291966200  7.4 57 1033.5
1291966260  7.3 58 1033.4
1291966320  7.3 58 1033.4
1291966380  7.3 58 1033.4
1291966440  7.3 58 1033.4
1291966500  7.3 57 1033.3
1291966560  7.3 57 1033.4
1291966620  7.3 58 1033.4
1291966680  7.3 58 1033.4
1291966740  7.3 58 1033.4
1291966800  7.3 57 1033.4
1291966860  7.3 57 1033.4
1291966920  7.3 57 1033.4
1291966980  7.3 57 1033.6
1291967040  7.3 57 1033.6
1291967100  7.3 58 1033.6
1291967160  7.3 58 1033.6
1291967220  7.3 58 1033.6
1291967280  7.3 58 1033.7
1291967340  7.3 58 1033.7
1291967400  7.3 57 1033.8
1291967460  7.3 58 1033.8
1291967520  7.3 58 1033.8
1291967580  7.3 57 1033.8
1291967640  7.3 58 1033.8
1291967700  7.3 57 1033.8
1291967760  7.3 58 1033.9
1291967820  7.3 57 1033.9
1291967880  7.3 57 1033.9
1291967940  7.3 57 1033.9
1291968000  7.3 58 1033.7
1291968060  7.3 58 1033.7
1291968120  7.3 58 1033.6
1291968180  7.3 58 1033.6
1291968240  7.3 58 1033.7
1291968300  7.3 58 1033.7
1291968360  7.3 58 1033.7
1291968420  7.3 58 1033.6
1291968480  7.3 58 1033.6
1291968540  7.3 58 1033.6
1291968600  7.3 58 1033.6
1291968660  7.3 58 1033.7
1291968720  7.3 58 1033.7
1291968780  7.4 58 1033.7
1291968840  7.3 58 1033.8
1291968900  7.3 58 1033.8
1291968960  7.3 58 1033.9
1291969020  7.3 58 1033.8
1291969080  7.3 58 1033.8
1291969140  7.3 58 1033.8
1291969200  7.3 58 1034.0
1291969260  7.3 58 1034.0
1291969320  7.3 58 1033.9
1291969380  7.3 58 1033.9
1291969440  7.3 58 1034.0
1291969500  7.4 58 1034.0
1291969560  7.3 58 1034.0
1291969620  7.4 58 1034.1
1291969680  7.3 58 1034.1
1291969740  7.3 58 1034.1
1291969800  7.4 58 1034.0
1291969860  7.3 58 1034.1
1291969920  7.4 58 1034.0
1291969980  7.4 58 1034.0
1291970040  7.4 58 1033.8
1291970100  7.3 58 1034.0
1291970160  7.4 58 1034.0
1291970220  7.4 58 1033.9
1291970280  7.3 58 1033.9
1291970340  7.3 58 1033.9
1291970400  7.4 58 1033.8
1291970460  7.4 58 1033.9
1291970520  7.4 58 1033.8
1291970580  7.4 58 1033.7
1291970640  7.4 58 1033.8
1291970700  7.4 58 1033.7
1291970760  7.4 58 1033.8
1291970820  7.4 58 1033.7
1291970880  7.3 58 1033.7
1291970940  7.4 58 1033.7
1291971000  7.4 58 1033.7
1291971060  7.4 58 1033.7
1291971120  7.4 58 1033.7
1291971180  7.4 58 1033.7
1291971240  7.4 58 1033.7
1291971300  7.4 58 1033.7
1291971360  7.4 58 1033.7
1291971420  7.4 58 1033.8
1291971480  7.4 58 1033.8
1291971540  7.4 58 1033.8
1291971600  7.4 58 1033.8
1291971660  7.4 58 1033.8
1291971720  7.4 58 1033.8
1291971780  7.4 58 1033.6
1291971840  7.4 58 1033.7
1291971900  7.4 58 1033.7
1291971960  7.4 58 1033.6
1291972020  7.4 58 1033.5
1291972080  7.4 58 1033.5
1291972140  7.4 58 1033.4
1291972200  7.4 58 1033.4
1291972260  7.4 58 1033.4
1291972320  7.4 58 1033.4
1291972380  7.4 58 1033.5
1291972440  7.4 58 1033.5
1291972500  7.4 58 1033.4
1291972560  7.4 58 1033.5
1291972620  7.4 58 1033.6
1291972680  7.4 58 1033.7
1291972740  7.4 58 1033.7
1291972800  7.4 58 1033.7
1291972860  7.4 58 1033.7
1291972920  7.4 58 1033.6
1291972980  7.4 58 1033.7
1291973040  7.4 58 1033.7
1291973100  7.4 58 1033.8
1291973160  7.4 58 1033.7
1291973220  7.4 58 1033.8
1291973280  7.4 58 1033.7
1291973340  7.4 58 1033.7
1291973400  7.4 58 1033.7
1291973460  7.4 58 1033.7
1291973520  7.4 58 1033.7
1291973580  7.4 58 1033.7
1291973640  7.4 58 1033.7
1291973700  7.4 58 1033.8
1291973760  7.4 58 1033.7
1291973820  7.4 58 1033.8
1291973880  7.4 58 1033.8
1291973940  7.4 58 1033.8
1291974000  7.4 58 1033.8
1291974060  7.4 58 1033.8
1291974120  7.4 58 1033.8
1291974180  7.4 58 1033.8
1291974240  7.4 58 1033.9
1291974300  7.4 58 1033.9
1291974360  7.4 59 1034.0
1291974420  7.4 59 1034.1
1291974480  7.4 58 1034.0
1291974540  7.4 58 1034.0
1291974600  7.4 58 1034.0
1291974660  7.4 58 1034.0
1291974720  7.4 58 1033.9
1291974780  7.4 58 1033.8
1291974840  7.4 58 1034.0
1291974900  7.4 58 1033.8
1291974960  7.4 58 1033.8
1291975020  7.4 58 1033.9
1291975080  7.4 58 1033.8
1291975140  7.4 58 1033.9
1291975200  7.4 58 1033.9
1291975260  7.4 58 1033.9
1291975320  7.4 58 1033.8
1291975380  7.4 58 1033.8
1291975440  7.4 58 1033.8
1291975500  7.4 58 1033.9
1291975560  7.4 58 1034.0
1291975620  7.4 58 1033.9
1291975680  7.4 58 1033.9
1291975740  7.4 58 1033.9
1291975800  7.4 58 1033.9
1291975860  7.4 58 1033.9
1291975920  7.4 58 1033.9
1291975980  7.4 58 1033.7
1291976040  7.4 58 1033.7
1291976100  7.4 58 1033.7
1291976160  7.4 58 1033.6
1291976220  7.4 58 1033.6
1291976280  7.4 58 1033.6
1291976340  7.4 58 1033.6
1291976400  7.4 58 1033.6
1291976460  7.4 58 1033.6
1291976520  7.4 58 1033.6
1291976580  7.4 58 1033.6
1291976640  7.4 58 1033.5
1291976700  7.4 58 1033.5
1291976760  7.4 58 1033.5
1291976820  7.4 58 1033.6
1291976880  7.4 58 1033.6
1291976940  7.4 58 1033.5
1291977000  7.4 58 1033.5
1291977060  7.4 58 1033.5
1291977120  7.4 58 1033.6
1291977180  7.4 58 1033.5
1291977240  7.4 58 1033.5
1291977300  7.4 58 1033.5
1291977360  7.4 58 1033.5
1291977420  7.4 58 1033.5
1291977480  7.4 58 1033.4
1291977540  7.4 58 1033.4
1291977600  7.4 58 1033.4
1291977660  7.4 58 1033.4
1291977720  7.4 58 1033.5
1291977780  7.4 58 1033.4
1291977840  7.4 58 1033.4
1291977900  7.4 58 1033.4
1291977960  7.4 59 1033.3
1291978020  7.4 58 1033.4
1291978080  7.4 58 1033.3
1291978140  7.4 58 1033.3
1291978200  7.4 58 1033.3
1291978260  7.4 58 1033.3
1291978320  7.4 58 1033.2
1291978380  7.4 58 1033.2
1291978440  7.4 58 1033.1
1291978500  7.4 58 1033.2
1291978560  7.4 58 1033.2
1291978620  7.5 58 1033.2
1291978680  7.5 58 1033.1
1291978740  7.5 58 1033.1
1291978800  7.5 58 1033.1
1291978860  7.5 58 1033.1
1291978920  7.4 58 1033.1
1291978980  7.4 58 1033.0
1291979040  7.4 58 1033.0
1291979100  7.4 58 1033.0
1291979160  7.4 58 1033.0
1291979220  7.4 58 1033.0
1291979280  7.4 58 1033.1
1291979340  7.4 58 1033.1
1291979400  7.4 58 1033.1
1291979460  7.4 58 1033.1
1291979520  7.4 58 1033.1
1291979580  7.5 58 1033.0
1291979640  7.5 58 1033.1
1291979700  7.5 58 1033.1
1291979760  7.4 59 1033.2
1291979820  7.5 59 1033.1
1291979880  7.5 58 1033.1
1291979940  7.5 58 1033.2
1291980000  7.5 58 1033.1
1291980060  7.5 58 1033.1
1291980120  7.5 58 1033.1
1291980180  7.5 58 1033.1
1291980240  7.5 58 1033.1
1291980300  7.5 58 1033.1
1291980360  7.5 58 1033.1
1291980420  7.5 58 1033.1
1291980480  7.5 58 1033.0
1291980540  7.5 58 1033.0
1291980600  7.5 58 1033.0
1291980660  7.5 59 1033.0
1291980720  7.5 59 1033.1
1291980780  7.5 59 1033.1
1291980840  7.5 59 1033.1
1291980900  7.5 58 1033.1
1291980960  7.5 58 1033.2
1291981020  7.5 58 1033.2
1291981080  7.5 58 1033.2
1291981140  7.5 58 1033.1
1291981200  7.5 58 1033.1
1291981260  7.5 58 1033.0
1291981320  7.5 58 1033.0
1291981380  7.5 58 1033.0
1291981440  7.5 58 1033.1
1291981500  7.5 58 1033.1
1291981560  7.5 59 1033.0
1291981620  7.5 59 1033.1
1291981680  7.5 59 1033.1
1291981740  7.5 59 1033.1
1291981800  7.5 59 1033.1
1291981860  7.5 59 1033.1
1291981920  7.5 59 1033.1
1291981980  7.5 59 1033.1
1291982040  7.5 59 1033.1
1291982100  7.5 59 1033.1
1291982160  7.6 59 1033.1
1291982220  7.6 58 1033.1
1291982280  7.6 59 1033.1
1291982340  7.6 59 1033.1
1291982400  7.6 59 1033.1
1291982460  7.6 59 1033.1
1291982520  7.6 59 1033.0
1291982580  7.6 59 1033.0
1291982640  7.6 59 1033.0
1291982700  7.6 59 1033.0
1291982760  7.5 59 1032.9
1291982820  7.5 59 1033.0
1291982880  7.6 59 1033.0
1291982940  7.6 59 1033.1
1291983000  7.6 59 1033.1
1291983060  7.6 59 1033.1
1291983120  7.6 59 1032.9
1291983180  7.6 59 1032.9
1291983240  7.6 59 1032.9
1291983300  7.6 59 1033.1
1291983360  7.6 59 1032.9
1291983420  7.6 59 1033.0
1291983480  7.6 59 1032.9
1291983540  7.6 59 1032.9
1291983600  7.6 59 1032.9
1291983660  7.6 59 1032.9
1291983720  7.6 59 1032.8
1291983780  7.6 59 1032.8
1291983840  7.6 59 1032.8
1291983900  7.6 59 1032.7
1291983960  7.6 59 1032.6
1291984020  7.6 59 1032.7
1291984080  7.6 59 1032.7
1291984140  7.6 59 1032.7
1291984200  7.6 59 1032.7
1291984260  7.6 59 1032.7
1291984320  7.6 59 1032.8
1291984380  7.6 59 1032.8
1291984440  7.6 59 1032.8
1291984500  7.6 59 1032.5
1291984560  7.6 59 1032.5
1291984620  7.6 59 1032.5
1291984680  7.6 59 1032.4
1291984740  7.6 59 1032.4
1291984800  7.6 59 1032.3
1291984860  7.6 59 1032.3
1291984920  7.6 59 1032.3
1291984980  7.6 59 1032.3
1291985040  7.6 59 1032.3
1291985100  7.6 59 1032.3
1291985160  7.6 59 1032.3
1291985220  7.6 59 1032.3
1291985280  7.6 59 1032.4
1291985340  7.6 59 1032.3
1291985400  7.6 59 1032.3
1291985460  7.6 59 1032.3
1291985520  7.6 59 1032.3
1291985580  7.6 59 1032.3
1291985640  7.6 59 1032.3
1291985700  7.6 59 1032.3
1291985760  7.6 59 1032.3
1291985820  7.6 59 1032.4
1291985880  7.6 59 1032.4
1291985940  7.6 59 1032.4
1291986000  7.6 59 1032.4
1291986120  7.6 59 1032.4
1291986180  7.6 59 1032.4
1291986240  7.6 59 1032.4
1291986300  7.6 59 1032.4
1291986360  7.6 59 1032.4
1291986420  7.6 59 1032.4
1291986480  7.6 59 1032.4
1291986540  7.6 59 1032.3
1291986600  7.6 59 1032.4
1291986660  7.6 59 1032.4
1291986720  7.6 59 1032.3
1291986780  7.6 59 1032.3
1291986840  7.6 59 1032.3
1291986900  7.6 59 1032.4
1291986960  7.6 59 1032.4
1291987020  7.6 59 1032.3
1291987080  7.6 59 1032.3
1291987140  7.6 59 1032.3
1291987200  7.6 59 1032.3
1291987260  7.6 59 1032.2
1291987320  7.6 59 1032.3
1291987380  7.6 59 1032.3
1291987440  7.6 59 1032.3
1291987500  7.6 59 1032.2
1291987560  7.6 59 1032.1
1291987620  7.6 59 1032.1
1291987680  7.6 59 1032.1
1291987740  7.6 59 1032.1
1291987800  7.6 59 1032.1
1291987860  7.6 59 1032.1
1291987920  7.6 59 1032.2
1291987980  7.6 59 1032.2
1291988040  7.6 59 1032.2
1291988100  7.6 59 1032.2
1291988160  7.6 59 1032.3
1291988220  7.6 59 1032.3
1291988280  7.6 59 1032.2
1291988340  7.6 59 1032.2
1291988400  7.6 59 1032.2
1291988460  7.6 59 1032.2
1291988520  7.6 59 1032.2
1291988580  7.6 59 1032.2
1291988640  7.6 59 1032.2
1291988700  7.6 59 1032.2
1291988760  7.6 59 1032.1
1291988820  7.6 59 1032.1
1291988880  7.6 59 1032.1
1291988940  7.6 59 1032.0
1291989000  7.6 59 1032.1
1291989060  7.6 59 1032.0
1291989120  7.6 59 1032.0
1291989180  7.6 59 1032.0
1291989240  7.6 59 1032.0
1291989300  7.6 59 1031.9
1291989360  7.6 59 1031.9
1291989420  7.6 59 1031.7
1291989480  7.6 59 1031.8
1291989540  7.7 59 1031.9
1291989600  7.6 59 1031.8
1291989660  7.6 59 1031.9
1291989720  7.6 59 1031.9
1291989780  7.6 59 1031.9
1291989840  7.6 59 1031.9
1291989900  7.6 59 1031.8
1291989960  7.6 59 1031.7
1291990020  7.6 59 1031.8
1291990080  7.6 59 1031.8
1291990140  7.6 59 1031.8
1291990200  7.6 59 1031.9
1291990260  7.6 59 1031.9
1291990320  7.6 59 1031.8
1291990380  7.7 59 1031.8
1291990440  7.6 59 1031.8
1291990500  7.7 59 1031.8
1291990560  7.7 59 1031.8
1291990620  7.6 59 1031.7
1291990680  7.7 59 1031.7
1291990740  7.7 59 1031.6
1291990800  7.7 59 1031.6
1291990860  7.7 59 1031.5
1291990920  7.7 59 1031.5
1291990980  7.6 59 1031.5
1291991040  7.7 59 1031.5
1291991100  7.7 59 1031.5
1291991160  7.7 59 1031.5
1291991220  7.7 59 1031.5
1291991280  7.7 59 1031.5
1291991340  7.7 59 1031.6
1291991400  7.7 59 1031.6
1291991460  7.7 59 1031.5
1291991520  7.7 59 1031.5
1291991580  7.7 59 1031.5
1291991640  7.7 59 1031.6
1291991700  7.7 59 1031.4
1291991760  7.7 59 1031.4
1291991820  7.7 59 1031.7
1291991880  7.7 59 1031.7
1291991940  7.7 59 1031.7
1291992000  7.7 59 1031.7
1291992060  7.7 59 1031.7
1291992120  7.7 59 1031.7
1291992180  7.7 59 1031.7
1291992240  7.7 59 1031.8
1291992300  7.7 59 1031.7
1291992360  7.7 59 1031.7
1291992420  7.7 59 1031.8
1291992480  7.7 59 1031.6
1291992540  7.7 59 1031.8
1291992600  7.7 59 1031.8
1291992660  7.7 59 1031.8
1291992720  7.7 59 1031.8
1291992780  7.7 59 1031.9
1291992840  7.7 59 1031.9
1291992900  7.7 59 1031.8
1291992960  7.7 59 1031.8
1291993020  7.7 59 1031.8
1291993080  7.7 59 1031.9
1291993140  7.7 59 1031.9
1291993200  7.7 59 1031.7
1291993260  7.7 60 1031.7
1291993320  7.7 59 1031.8
1291993380  7.7 59 1031.9
1291993440  7.7 59 1031.9
1291993500  7.7 59 1031.8
1291993560  7.7 59 1031.8
1291993620  7.7 59 1031.7
1291993680  7.7 59 1031.8
1291993740  7.7 59 1031.8
1291993800  7.7 59 1031.8
1291993860  7.7 59 1031.6
1291993920  7.7 59 1031.6
1291993980  7.7 59 1031.6
1291994040  7.7 59 1031.6
1291994100  7.7 59 1031.5
1291994160  7.7 59 1031.5
1291994220  7.7 59 1031.5
1291994280  7.7 59 1031.5
1291994340  7.7 59 1031.4
1291994400  7.7 59 1031.5
1291994460  7.7 59 1031.5
1291994520  7.7 59 1031.5
1291994580  7.7 59 1031.5
1291994640  7.7 59 1031.5
1291994700  7.7 59 1031.5
1291994760  7.7 59 1031.5
1291994820  7.7 59 1031.5
1291994880  7.7 59 1031.6
1291994940  7.7 59 1031.5
1291995000  7.7 59 1031.5
1291995060  7.7 60 1031.5
1291995180  7.7 59 1031.5
1291995240  7.7 59 1031.5
1291995300  7.7 59 1031.5
1291995360  7.7 59 1031.5
1291995420  7.7 59 1031.5
1291995480  7.7 59 1031.5
1291995540  7.7 59 1031.5
1291995600  7.7 59 1031.5
1291995660  7.7 59 1031.4
1291995720  7.7 59 1031.5
1291995780  7.7 59 1031.5
1291995840  7.7 59 1031.5
1291995900  7.8 59 1031.5
1291995960  7.8 59 1031.5
1291996020  7.7 60 1031.5
1291996080  7.7 59 1031.5
1291996140  7.7 59 1031.4
1291996200  7.7 59 1031.4
1291996260  7.7 59 1031.4
1291996320  7.7 59 1031.4
1291996380  7.7 59 1031.4
1291996440  7.7 59 1031.4
1291996500  7.7 59 1031.4
1291996560  7.7 59 1031.4
1291996620  7.8 59 1031.4
1291996680  7.8 59 1031.3
1291996740  7.8 59 1031.3
1291996800  7.7 59 1031.2
1291996860  7.7 60 1031.2
1291996920  7.7 60 1031.4
1291996980  7.7 60 1031.2
1291997040  7.7 60 1031.3
1291997100  7.7 60 1031.2
1291997160  7.7 60 1031.2
1291997220  7.8 59 1031.2
1291997280  7.7 59 1031.1
1291997340  7.7 59 1031.1
1291997400  7.7 59 1031.1
1291997460  7.7 59 1031.1
1291997520  7.8 59 1031.0
1291997580  7.7 59 1031.0
1291997640  7.8 59 1031.0
1291997700  7.8 59 1031.1
1291997760  7.8 59 1031.1
1291997820  7.7 60 1030.9
1291997880  7.8 59 1030.9
1291997940  7.8 59 1030.9
1291998000  7.8 59 1030.9
1291998060  7.8 60 1030.9
1291998120  7.8 59 1030.9
1291998180  7.8 59 1030.9
1291998240  7.8 59 1030.9
1291998300  7.8 59 1030.9
1291998360  7.8 59 1030.9
1291998420  7.8 59 1030.9
1291998480  7.8 59 1030.9
1291998540  7.8 59 1030.9
1291998600  7.8 59 1030.9
1291998660  7.8 60 1030.9
1291998720  7.8 60 1030.9
1291998780  7.8 60 1030.9
1291998840  7.8 60 1031.1
1291998900  7.8 60 1031.1
1291998960  7.8 60 1031.1
1291999020  7.8 60 1031.1
1291999080  7.8 59 1031.0
1291999140  7.8 59 1031.0
1291999200  7.8 59 1031.1
1291999260  7.8 59 1031.1
1291999320  7.8 59 1031.0
1291999380  7.8 59 1031.0
1291999440  7.8 59 1030.9
1291999500  7.8 60 1030.9
1291999560  7.8 60 1030.9
1291999620  7.8 60 1031.0
1291999680  7.8 60 1031.0
1291999740  7.8 60 1031.0
1291999800  7.8 60 1030.9
1291999860  7.8 60 1030.9
1291999920  7.8 60 1030.9
1291999980  7.8 60 1030.9
1292000040  7.8 60 1030.9
1292000100  7.8 60 1030.9
1292000160  7.8 60 1031.0
1292000220  7.8 60 1031.0
1292000280  7.8 60 1031.0
1292000340  7.8 60 1030.9
1292000400  7.8 59 1031.0
1292000460  7.8 60 1031.0
1292000520  7.8 60 1030.9
1292000580  7.8 60 1031.0
1292000640  7.8 60 1031.0
1292000700  7.8 60 1031.0
1292000760  7.8 60 1030.9
1292000820  7.8 60 1030.9
1292000880  7.8 60 1030.9
1292000940  7.8 60 1030.9
1292001000  7.8 60 1031.0
1292001060  7.8 60 1030.9
1292001120  7.8 60 1030.9
1292001180  7.8 60 1031.0
1292001240  7.8 60 1030.9
1292001300  7.8 60 1030.9
1292001420  7.8 60 1030.9
1292001480  7.8 60 1030.9
1292001540  7.8 60 1030.9
1292001660  7.8 60 1030.9
1292001720  7.8 60 1031.0
1292001780  7.8 60 1030.9
1292001840  7.8 60 1031.0
1292001900  7.8 60 1031.0
1292001960  7.8 60 1031.0
1292002020  7.8 60 1031.0
1292002080  7.8 60 1031.0
1292002140  7.8 60 1031.0
1292002200  7.8 60 1031.0
1292002260  7.8 60 1030.9
1292002320  7.8 60 1030.9
1292002380  7.8 60 1031.0
1292002440  7.8 60 1030.9
1292002500  7.8 60 1030.9
1292002560  7.8 60 1030.9
1292002620  7.8 60 1030.9
1292002680  7.8 60 1030.9
1292002740  7.8 60 1030.9
1292002800  7.8 60 1031.0
1292002860  7.8 60 1030.9
1292002920  7.8 60 1031.0
1292002980  7.8 60 1031.0
1292003040  7.8 60 1030.9
1292003100  7.8 60 1030.9
1292003160  7.8 60 1030.8
1292003220  7.8 60 1030.8
1292003280  7.8 60 1030.8
1292003340  7.8 60 1030.8
1292003400  7.8 60 1030.8
1292003460  7.8 60 1030.9
1292003520  7.8 60 1030.8
1292003580  7.8 60 1030.9
1292003640  7.8 60 1030.7
1292003700  7.8 60 1030.8
1292003760  7.8 60 1030.9
1292003820  7.8 60 1030.8
1292003880  7.8 60 1030.8
1292003940  7.8 60 1030.8
1292004000  7.8 60 1030.8
1292004060  7.8 60 1030.8
1292004120  7.8 60 1030.8
1292004180  7.8 60 1030.8
1292004240  7.8 60 1030.8
1292004300  7.8 60 1030.8
1292004360  7.8 60 1030.8
1292004420  7.8 60 1030.8
1292004480  7.8 60 1030.8
1292004540  7.8 60 1030.8
1292004600  7.8 60 1030.8
1292004660  7.8 60 1030.8
1292004720  7.8 60 1030.8
1292004780  7.8 60 1030.8
1292004840  7.8 60 1030.7
1292004900  7.8 60 1030.8
1292005020  7.8 60 1030.8
1292005080  7.8 60 1030.8
1292005140  7.8 60 1030.8
1292005200  7.8 60 1030.8
1292005260  7.9 60 1030.8
1292005320  7.9 60 1030.8
1292005380  7.8 60 1030.7
1292005440  7.8 60 1030.6
1292005500  7.9 60 1030.6
1292005560  7.8 60 1030.7
1292005620  7.8 60 1030.7
1292005680  7.9 60 1030.7
1292005740  7.9 60 1030.7
1292005800  7.9 60 1030.7
1292005860  7.8 60 1030.7
1292005920  7.9 60 1030.7
1292005980  7.9 60 1030.7
1292006040  7.9 60 1030.6
1292006100  7.9 60 1030.6
1292006160  7.9 60 1030.6
1292006220  7.9 60 1030.6
1292006280  7.9 60 1030.6
1292006340  7.9 60 1030.6
1292006400  7.9 60 1030.6
1292006460  7.9 60 1030.6
1292006520  7.9 60 1030.5
1292006580  7.9 60 1030.6
1292006640  7.9 60 1030.6
1292006700  7.9 60 1030.6
1292006760  7.9 60 1030.7
1292006820  7.9 60 1030.6
1292006880  7.9 60 1030.6
1292006940  7.9 60 1030.6
1292007000  7.9 60 1030.6
1292007060  7.9 60 1030.6
1292007120  7.9 60 1030.6
1292007180  7.9 60 1030.5
1292007240  7.9 60 1030.5
1292007300  7.9 60 1030.5
1292007360  7.9 60 1030.6
1292007420  7.9 60 1030.6
1292007480  7.9 60 1030.6
1292007540  7.9 60 1030.6
1292007660  7.9 60 1030.6
1292007720  7.9 60 1030.6
1292007780  7.9 60 1030.6
1292007840  7.9 60 1030.5
1292007900  7.8 60 1030.5
1292007960  7.8 60 1030.6
1292008020  7.9 60 1030.4
1292008080  7.9 60 1030.4
1292008140  7.9 60 1030.4
1292008200  7.9 60 1030.5
1292008260  7.9 60 1030.5
1292008320  7.9 60 1030.5
1292008380  7.9 60 1030.6
1292008440  7.9 60 1030.6
1292008500  7.9 60 1030.6
1292008620  7.9 60 1030.6
1292008680  7.9 60 1030.6
1292008740  7.9 60 1030.6
1292008800  7.9 60 1030.4
1292008860  7.9 60 1030.3
1292008920  7.9 60 1030.4
1292008980  7.9 60 1030.4
1292009040  7.9 60 1030.3
1292009100  7.9 60 1030.3
1292009160  7.9 60 1030.2
1292009220  7.9 60 1030.4
1292009280  7.9 60 1030.4
1292009340  7.9 60 1030.4
1292009400  7.9 60 1030.6
1292009520  7.9 60 1030.5
1292009580  7.9 60 1030.4
1292009640  7.9 60 1030.4
1292009700  7.9 60 1030.4
1292009760  7.9 60 1030.3
1292009820  7.9 60 1030.3
1292009880  7.9 60 1030.3
1292009940  7.9 60 1030.2
1292010000  7.9 60 1030.2
1292010060  7.9 60 1030.2
1292010120  7.9 60 1030.3
1292010180  7.9 60 1030.3
1292010240  7.9 60 1030.3
1292010300  7.9 60 1030.3
1292010360  7.9 60 1030.3
1292010420  7.9 60 1030.3
1292010480  7.9 60 1030.2
1292010540  7.9 60 1030.2
1292010600  7.9 60 1030.2
1292010660  7.9 60 1030.2
1292010720  7.9 60 1030.2
1292010780  7.9 60 1030.2
1292010840  7.9 60 1030.2
1292010900  7.9 60 1030.2
1292010960  7.9 60 1030.3
1292011020  7.9 60 1030.3
1292011080  7.9 60 1030.3
1292011140  7.9 60 1030.3
1292011200  7.9 60 1030.2
1292011260  7.9 60 1030.2
1292011320  7.9 60 1030.3
1292011380  7.9 60 1030.3
1292011440  7.9 60 1030.3
1292011500  7.9 60 1030.2
1292011560  7.9 60 1030.2
1292011620  7.9 60 1030.2
1292011680  7.9 60 1030.2
1292011740  7.9 60 1030.2
1292011800  7.9 60 1030.2
1292011860  7.9 60 1030.2
1292011920  7.9 60 1030.1
1292011980  7.9 60 1030.2
1292012040  7.9 60 1030.2
1292012100  7.9 60 1030.2
1292012220  7.9 60 1030.2
1292012280  7.9 60 1030.1
1292012340  7.9 60 1030.1
1292012400  7.9 60 1030.1
1292012460  7.9 60 1030.1
1292012520  7.9 60 1030.1
1292012580  7.9 60 1030.2
1292012640  7.9 60 1030.1
1292012700  7.9 60 1030.1
1292012760  7.9 60 1030.1
1292012820  7.9 60 1030.0
1292012880  7.9 60 1030.0
1292012940  7.9 60 1029.9
1292013000  8.0 60 1029.9
1292013060  8.0 60 1029.9
1292013120  7.9 60 1029.9
1292013180  7.9 60 1029.8
1292013240  7.9 60 1029.9
1292013300  8.0 60 1029.8
1292013360  7.9 60 1029.7
1292013420  7.9 60 1029.7
1292013480  8.0 60 1029.7
1292013540  7.9 60 1029.7
1292013600  7.9 60 1029.7
1292013660  7.9 60 1029.7
1292013720  7.9 60 1029.7
1292013780  8.0 60 1029.6
1292013840  8.0 60 1029.6
1292013900  8.0 60 1029.6
1292013960  8.0 60 1029.6
1292014020  8.0 60 1029.6
1292014080  8.0 60 1029.6
1292014140  8.0 60 1029.6
1292014200  8.0 60 1029.6
1292014260  8.0 60 1029.6
1292014320  8.0 60 1029.7
1292014380  8.0 60 1029.7
1292014440  7.9 60 1029.6
1292014500  8.0 60 1029.5
1292014560  8.0 60 1029.5
1292014620  8.0 60 1029.7
1292014680  8.0 60 1029.7
1292014740  8.0 60 1029.6
1292014800  8.0 60 1029.6
1292014860  8.0 60 1029.6
1292014920  7.9 60 1029.6
1292014980  8.0 60 1029.6
1292015040  8.0 60 1029.7
1292015100  8.0 60 1029.7
1292015160  8.0 60 1029.7
1292015220  8.0 60 1029.7
1292015280  8.0 60 1029.8
1292015340  8.0 60 1029.8
1292015400  8.0 60 1029.7
1292015460  8.0 60 1029.7
1292015520  8.0 60 1029.7
1292015580  8.0 60 1029.5
1292015640  8.0 60 1029.5
1292015700  8.0 60 1029.6
1292015820  8.0 60 1029.5
1292015880  8.0 60 1029.5
1292015940  8.0 60 1029.5
1292016000  8.0 60 1029.5
1292016060  8.0 60 1029.5
1292016120  8.0 60 1029.5
1292016180  8.0 60 1029.5
1292016240  8.0 60 1029.5
1292016300  8.0 60 1029.4
1292016360  8.0 60 1029.5
1292016420  8.0 60 1029.4
1292016480  8.0 60 1029.3
1292016540  8.0 60 1029.4
1292016600  8.0 60 1029.3
1292016660  8.0 60 1029.3
1292016720  8.0 60 1029.3
1292016780  8.0 60 1029.4
1292016840  8.0 60 1029.3
1292016900  8.0 60 1029.3
1292016960  8.0 60 1029.3
1292017020  8.0 60 1029.3
1292017080  8.0 60 1029.2
1292017140  8.0 60 1029.2
1292017200  8.0 60 1029.3
1292017260  8.0 60 1029.3
1292017320  8.0 60 1029.3
1292017380  8.0 60 1029.2
1292017440  8.0 60 1029.2
1292017500  8.0 60 1029.2
1292017560  8.0 60 1029.2
1292017620  8.0 60 1029.2
1292017680  8.0 60 1029.1
1292017740  8.0 60 1029.1
1292017800  8.0 60 1029.2
1292017860  8.0 60 1029.2
1292017920  8.0 60 1029.2
1292017980  8.0 60 1029.2
1292018040  8.0 60 1029.1
1292018100  8.0 60 1029.2
1292018160  8.0 60 1029.1
1292018220  8.0 60 1029.1
1292018280  8.0 60 1029.1
1292018340  8.0 60 1029.1
1292018400  8.0 60 1029.1
1292018460  8.0 60 1029.1
1292018520  8.0 60 1029.1
1292018580  8.0 60 1029.0
1292018640  8.0 60 1029.1
1292018700  8.0 60 1029.0
1292018760  8.0 60 1029.0
1292018820  8.0 60 1029.0
1292018880  8.0 60 1029.0
1292018940  8.0 60 1029.0
1292019000  8.0 60 1029.0
1292019060  8.0 60 1029.0
1292019120  8.0 60 1029.0
1292019180  8.0 60 1029.0
1292019240  8.0 60 1029.0
1292019300  8.0 60 1029.0
1292019360  8.0 60 1029.0
1292019420  8.0 60 1029.0
1292019480  8.0 60 1029.1
1292019540  8.0 60 1029.1
1292019600  8.0 60 1029.1
1292019660  8.0 60 1029.1
1292019720  8.0 60 1029.1
1292019780  8.0 60 1029.1
1292019840  8.0 60 1029.1
1292019900  8.0 60 1029.0
1292019960  8.0 60 1028.9
1292020020  8.0 60 1028.8
1292020080  8.0 60 1028.8
1292020140  8.0 60 1028.7
1292020200  8.0 60 1028.7
1292020260  8.0 60 1028.7
1292020320  8.0 60 1028.7
1292020380  8.0 60 1028.7
1292020440  8.0 60 1028.7
1292020500  8.0 60 1028.7
1292020560  8.0 60 1028.7
1292020620  8.0 60 1028.7
1292020680  8.0 60 1028.7
1292020740  8.0 60 1028.7
1292020800  8.0 60 1028.7
1292020860  8.0 60 1028.7
1292020920  8.0 60 1028.7
1292020980  8.0 60 1028.7
1292021040  8.0 60 1028.7
1292021100  8.0 60 1028.7
1292021160  8.0 60 1028.9
1292021220  8.0 60 1029.0
1292021280  8.0 60 1029.0
1292021340  8.0 60 1029.0
1292021400  8.0 60 1028.9
1292021460  8.0 60 1028.8
1292021520  8.0 60 1028.7
1292021580  8.0 60 1028.7
1292021640  8.0 60 1028.7
1292021700  8.0 60 1028.9
1292021760  8.0 60 1028.8
1292021820  8.0 60 1028.8
1292021880  8.0 60 1028.8
1292021940  8.0 60 1028.7
1292022000  8.0 60 1028.8
1292022060  8.0 60 1028.8
1292022120  8.0 60 1028.7
1292022180  8.0 60 1028.7
1292022240  8.0 60 1028.7
1292022300  8.0 60 1028.8
1292022360  8.0 60 1028.7
1292022420  8.0 60 1028.7
1292022480  8.0 60 1028.7
1292022540  8.0 60 1028.7
1292022600  8.0 60 1028.7
1292022660  8.0 60 1028.7
1292022720  8.0 60 1028.7
1292022780  8.0 60 1028.7
1292022840  8.0 60 1028.7
1292022900  8.0 60 1028.7
1292022960  8.0 60 1028.8
1292023020  8.0 60 1028.7
1292023080  8.0 60 1028.7
1292023140  8.0 60 1028.8
1292023200  8.0 60 1028.7
1292023260  8.0 60 1028.7
1292023320  8.0 60 1028.7
1292023380  8.0 60 1028.7
1292023440  8.0 60 1028.7
1292023500  8.0 60 1028.7
1292023560  8.0 60 1028.8
1292023620  8.0 60 1028.8
1292023680  8.0 60 1028.8
1292023740  8.0 60 1028.9
1292023800  8.0 60 1028.9
1292023860  8.0 60 1028.8
1292023920  8.0 60 1028.8
1292023980  8.0 60 1028.8
1292024040  8.0 60 1028.8
1292024100  8.0 60 1028.9
1292024160  8.0 60 1028.8
1292024220  8.0 60 1028.9
1292024280  8.0 60 1028.9
1292024340  8.0 60 1028.8
1292024400  8.0 60 1028.8
1292024460  8.0 60 1028.9
1292024520  8.0 60 1028.9
1292024580  8.0 60 1028.9
1292024640  8.0 60 1028.9
1292024700  8.0 60 1028.9
1292024760  8.0 61 1028.9
1292024820  8.0 60 1029.0
1292024880  8.0 60 1029.1
1292024940  8.0 60 1028.9
1292025000  8.0 60 1028.9
1292025060  8.0 60 1028.8
1292025120  8.0 60 1028.8
1292025180  8.0 60 1028.8
1292025240  8.0 60 1028.8
1292025300  8.0 60 1028.8
1292025360  8.0 60 1029.0
1292025420  8.0 60 1028.8
1292025480  8.0 60 1028.8
1292025540  8.1 60 1028.8
