1291766400  6.7 55 1010.8
1291766460  6.7 55 1010.8
1291766520  6.7 55 1010.7
1291766580  6.7 55 1010.6
1291766640  6.7 55 1010.5
1291766700  6.7 55 1010.4
1291766760  6.7 55 1010.3
1291766820  6.7 55 1010.3
1291766880  6.7 55 1010.3
1291766940  6.7 55 1010.3
1291767000  6.7 55 1010.3
1291767060  6.7 55 1010.2
1291767120  6.7 55 1010.2
1291767180  6.7 55 1010.3
1291767240  6.7 55 1010.2
1291767300  6.7 55 1010.2
1291767360  6.7 54 1010.3
1291767420  6.7 55 1010.3
1291767480  6.7 55 1010.3
1291767540  6.7 55 1010.3
1291767600  6.7 55 1010.3
1291767660  6.7 54 1010.3
1291767720  6.7 55 1010.4
1291767780  6.7 54 1010.4
1291767840  6.7 54 1010.4
1291767900  6.7 54 1010.5
1291767960  6.7 54 1010.5
1291768020  6.7 54 1010.4
1291768080  6.7 54 1010.4
1291768140  6.7 54 1010.4
1291768200  6.7 54 1010.5
1291768260  6.7 54 1010.6
1291768320  6.7 54 1010.5
1291768380  6.7 54 1010.5
1291768440  6.7 54 1010.5
1291768500  6.7 54 1010.5
1291768560  6.7 54 1010.5
1291768620  6.7 54 1010.5
1291768680  6.7 54 1010.5
1291768740  6.7 54 1010.5
1291768800  6.7 54 1010.5
1291768860  6.7 54 1010.4
1291768920  6.7 54 1010.4
1291768980  6.7 54 1010.4
1291769040  6.7 54 1010.4
1291769100  6.7 54 1010.5
1291769160  6.7 54 1010.5
1291769220  6.7 54 1010.5
1291769280  6.7 54 1010.5
1291769340  6.7 54 1010.5
1291769400  6.7 54 1010.5
1291769460  6.7 54 1010.5
1291769520  6.7 54 1010.4
1291769580  6.7 54 1010.5
1291769640  6.7 54 1010.5
1291769700  6.7 54 1010.5
1291769760  6.7 54 1010.5
1291769820  6.7 54 1010.5
1291769880  6.7 54 1010.5
1291769940  6.7 54 1010.5
1291770000  6.7 54 1010.6
1291770060  6.7 54 1010.5
1291770120  6.7 54 1010.6
1291770180  6.7 54 1010.7
1291770240  6.7 54 1010.6
1291770300  6.7 54 1010.7
1291770360  6.7 54 1010.7
1291770420  6.7 54 1010.8
1291770480  6.7 54 1010.8
1291770540  6.7 54 1010.8
1291770600  6.7 54 1010.8
1291770660  6.7 54 1010.8
1291770720  6.7 54 1010.8
1291770780  6.7 54 1010.8
1291770840  6.7 54 1010.9
1291770900  6.7 54 1010.8
1291770960  6.7 54 1010.8
1291771020  6.7 54 1010.8
1291771080  6.7 54 1010.8
1291771140  6.7 54 1010.8
1291771200  6.7 54 1010.8
1291771260  6.7 54 1010.8
1291771320  6.7 54 1010.8
1291771380  6.7 54 1010.8
1291771440  6.7 54 1010.8
1291771500  6.7 54 1010.8
1291771560  6.7 54 1010.9
1291771620  6.7 54 1010.8
1291771680  6.7 54 1010.8
1291771740  6.7 54 1010.8
1291771800  6.7 54 1010.9
1291771860  6.7 54 1010.8
1291771920  6.7 54 1010.9
1291771980  6.7 54 1010.9
1291772040  6.7 54 1010.9
1291772100  6.7 54 1010.9
1291772160  6.7 54 1011.0
1291772220  6.7 54 1010.9
1291772280  6.7 54 1010.9
1291772340  6.7 54 1010.9
1291772400  6.7 54 1010.9
1291772460  6.7 54 1010.9
1291772520  6.7 54 1010.9
1291772580  6.7 54 1010.9
1291772640  6.7 54 1010.9
1291772700  6.7 54 1010.9
1291772760  6.7 54 1011.0
1291772820  6.7 54 1011.0
1291772880  6.7 54 1011.0
1291772940  6.7 54 1011.0
1291773000  6.7 54 1010.8
1291773060  6.7 54 1010.8
1291773120  6.7 54 1010.8
1291773180  6.7 54 1010.8
1291773240  6.7 54 1010.8
1291773300  6.7 54 1010.8
1291773360  6.7 54 1010.8
1291773420  6.7 54 1010.8
1291773480  6.7 54 1010.8
1291773540  6.7 54 1010.8
1291773600  6.7 54 1010.8
1291773660  6.7 54 1010.8
1291773720  6.7 54 1010.8
1291773780  6.7 54 1011.0
1291773840  6.7 54 1010.8
1291773900  6.6 54 1010.9
1291773960  6.7 54 1010.8
1291774020  6.7 54 1010.9
1291774080  6.7 54 1010.9
1291774140  6.7 54 1010.9
1291774200  6.7 54 1010.9
1291774260  6.6 54 1010.9
1291774320  6.6 54 1011.1
1291774380  6.7 54 1011.1
1291774440  6.6 54 1011.2
1291774500  6.6 54 1011.2
1291774560  6.7 54 1011.1
1291774620  6.6 54 1011.2
1291774680  6.6 54 1011.2
1291774740  6.6 54 1011.2
1291774800  6.6 54 1011.0
1291774860  6.6 54 1011.1
1291774920  6.6 54 1011.1
1291774980  6.6 54 1011.2
1291775040  6.6 54 1011.2
1291775100  6.6 54 1011.1
1291775160  6.6 54 1011.1
1291775220  6.7 54 1011.1
1291775280  6.7 54 1011.1
1291775340  6.7 54 1011.1
1291775400  6.6 54 1011.0
1291775460  6.6 54 1011.0
1291775520  6.6 54 1011.0
1291775580  6.6 54 1011.0
1291775640  6.6 54 1011.1
1291775700  6.6 54 1011.1
1291775760  6.6 54 1011.1
1291775820  6.6 54 1011.1
1291775880  6.6 54 1011.0
1291775940  6.6 54 1011.1
1291776000  6.6 54 1011.1
1291776060  6.6 54 1011.1
1291776120  6.6 54 1011.1
1291776180  6.6 54 1011.0
1291776240  6.6 54 1011.1
1291776300  6.6 54 1011.0
1291776360  6.6 54 1011.0
1291776420  6.6 54 1011.0
1291776480  6.6 54 1011.0
1291776540  6.6 54 1011.0
1291776600  6.6 54 1011.0
1291776660  6.6 54 1011.0
1291776720  6.6 54 1011.1
1291776780  6.6 54 1011.1
1291776840  6.6 54 1011.1
1291776900  6.6 54 1011.1
1291776960  6.6 54 1011.0
1291777020  6.6 54 1011.1
1291777080  6.6 54 1011.0
1291777140  6.6 54 1011.1
1291777200  6.6 54 1011.1
1291777260  6.6 54 1011.1
1291777320  6.6 54 1011.0
1291777380  6.6 54 1011.1
1291777440  6.6 54 1010.9
1291777500  6.6 54 1010.9
1291777560  6.6 54 1010.9
1291777620  6.6 54 1010.8
1291777680  6.6 54 1010.8
1291777740  6.6 54 1010.9
1291777800  6.6 54 1010.9
1291777860  6.6 54 1010.9
1291777920  6.6 54 1010.8
1291777980  6.6 54 1010.8
1291778040  6.6 54 1010.7
1291778100  6.6 54 1010.8
1291778160  6.6 54 1010.8
1291778220  6.6 54 1010.8
1291778280  6.6 54 1010.8
1291778340  6.6 54 1010.7
1291778400  6.6 54 1010.7
1291778460  6.6 54 1010.7
1291778520  6.6 54 1010.7
1291778580  6.6 54 1010.7
1291778640  6.6 54 1010.7
1291778700  6.6 54 1010.7
1291778760  6.6 54 1010.7
1291778820  6.6 54 1010.7
1291778880  6.6 54 1010.7
1291778940  6.6 54 1010.8
1291779000  6.6 54 1010.8
1291779060  6.6 54 1010.8
1291779120  6.6 54 1010.9
1291779180  6.6 54 1010.8
1291779240  6.6 54 1010.9
1291779300  6.6 54 1010.9
1291779360  6.6 54 1010.8
1291779420  6.6 54 1010.9
1291779480  6.6 54 1010.8
1291779540  6.6 54 1010.8
1291779600  6.6 54 1010.8
1291779660  6.6 54 1010.8
1291779720  6.6 54 1010.7
1291779780  6.6 54 1010.7
1291779840  6.6 54 1010.8
1291779900  6.6 54 1010.8
1291779960  6.6 54 1010.8
1291780020  6.6 54 1010.8
1291780080  6.6 54 1010.8
1291780140  6.6 54 1010.8
1291780200  6.6 54 1010.8
1291780260  6.6 54 1010.8
1291780320  6.6 54 1010.8
1291780380  6.6 54 1010.8
1291780440  6.6 54 1010.9
1291780500  6.6 54 1010.8
1291780560  6.6 55 1010.9
1291780620  6.6 54 1011.0
1291780680  6.6 54 1010.9
1291780740  6.6 54 1010.9
1291780800  6.6 54 1010.9
1291780860  6.6 54 1010.9
1291780920  6.6 54 1011.0
1291780980  6.6 54 1011.0
1291781040  6.6 54 1011.1
1291781100  6.6 54 1011.0
1291781160  6.6 54 1011.1
1291781220  6.6 54 1011.1
1291781280  6.6 54 1011.1
1291781340  6.6 55 1011.1
1291781400  6.6 55 1011.1
1291781460  6.6 55 1011.1
1291781520  6.6 55 1011.1
1291781580  6.6 54 1011.1
1291781640  6.6 55 1011.1
1291781700  6.6 54 1011.1
1291781760  6.6 54 1011.1
1291781820  6.6 54 1011.2
1291781880  6.6 55 1011.1
1291781940  6.6 55 1011.2
1291782000  6.6 55 1011.2
1291782060  6.6 55 1011.2
1291782120  6.6 54 1011.2
1291782180  6.6 55 1011.1
1291782240  6.6 55 1011.1
1291782300  6.6 55 1011.1
1291782360  6.6 55 1011.1
1291782420  6.6 55 1011.1
1291782480  6.6 55 1011.1
1291782540  6.6 55 1011.1
1291782600  6.6 55 1011.1
1291782660  6.6 55 1011.1
1291782720  6.6 55 1011.1
1291782780  6.6 55 1011.1
1291782840  6.6 54 1011.1
1291782900  6.6 55 1011.1
1291782960  6.5 55 1011.1
1291783020  6.6 55 1011.1
1291783080  6.6 55 1011.1
1291783140  6.6 55 1011.1
1291783200  6.6 54 1011.1
1291783260  6.6 54 1011.1
1291783320  6.6 55 1011.1
1291783380  6.6 55 1011.1
1291783440  6.5 55 1011.1
1291783500  6.6 55 1011.1
1291783560  6.6 55 1011.1
1291783620  6.6 55 1011.2
1291783680  6.5 55 1011.1
1291783740  6.5 55 1011.1
1291783800  6.6 55 1011.1
1291783860  6.6 55 1011.1
1291783920  6.6 55 1011.2
1291783980  6.6 55 1011.1
1291784040  6.6 55 1011.1
1291784100  6.6 55 1011.1
1291784160  6.6 55 1011.1
1291784220  6.6 55 1011.1
1291784280  6.6 55 1011.1
1291784340  6.6 55 1011.1
1291784400  6.6 55 1011.1
1291784460  6.6 55 1011.1
1291784520  6.5 55 1011.1
1291784580  6.5 55 1011.3
1291784640  6.6 55 1011.2
1291784700  6.5 55 1011.0
1291784760  6.5 55 1011.1
1291784820  6.5 55 1011.1
1291784880  6.5 55 1011.1
1291784940  6.5 55 1011.1
1291785000  6.5 55 1011.1
1291785060  6.5 55 1011.1
1291785120  6.5 55 1011.1
1291785180  6.5 55 1011.0
1291785240  6.5 55 1011.2
1291785300  6.5 55 1011.3
1291785360  6.5 55 1011.2
1291785420  6.5 55 1011.2
1291785480  6.5 55 1011.3
1291785540  6.5 55 1011.2
1291785600  6.5 55 1011.3
1291785660  6.5 55 1011.4
1291785720  6.5 55 1011.4
1291785780  6.5 55 1011.4
1291785840  6.5 55 1011.4
1291785900  6.6 55 1011.4
1291785960  6.5 55 1011.4
1291786020  6.5 55 1011.5
1291786080  6.5 55 1011.5
1291786140  6.5 55 1011.6
1291786200  6.5 55 1011.6
1291786260  6.5 55 1011.6
1291786320  6.5 55 1011.5
1291786380  6.5 55 1011.5
1291786440  6.5 55 1011.5
1291786500  6.5 55 1011.5
1291786560  6.5 55 1011.4
1291786620  6.5 55 1011.6
1291786680  6.5 55 1011.6
1291786740  6.5 55 1011.5
1291786800  6.5 55 1011.4
1291786860  6.5 55 1011.5
1291786920  6.5 55 1011.4
1291786980  6.5 55 1011.4
1291787040  6.5 55 1011.4
1291787100  6.5 55 1011.5
1291787160  6.5 55 1011.6
1291787220  6.5 55 1011.5
1291787280  6.5 55 1011.6
1291787340  6.5 55 1011.6
1291787400  6.5 55 1011.6
1291787460  6.5 55 1011.5
1291787520  6.5 55 1011.5
1291787580  6.5 55 1011.5
1291787640  6.5 55 1011.6
1291787700  6.5 55 1011.6
1291787760  6.5 55 1011.6
1291787820  6.5 55 1011.6
1291787880  6.5 55 1011.6
1291787940  6.5 55 1011.6
1291788000  6.5 55 1011.7
1291788060  6.5 55 1011.6
1291788120  6.5 55 1011.6
1291788180  6.5 55 1011.6
1291788240  6.5 55 1011.7
1291788300  6.5 55 1011.6
1291788360  6.5 55 1011.7
1291788420  6.5 55 1011.7
1291788480  6.5 55 1011.6
1291788540  6.5 55 1011.7
1291788600  6.5 55 1011.6
1291788660  6.5 55 1011.6
1291788720  6.5 55 1011.6
1291788780  6.5 55 1011.6
1291788840  6.5 55 1011.6
1291788900  6.5 55 1011.7
1291788960  6.5 55 1011.7
1291789020  6.5 55 1011.6
1291789080  6.5 55 1011.6
1291789140  6.5 55 1011.7
1291789200  6.5 55 1011.6
1291789260  6.5 55 1011.7
1291789320  6.5 55 1011.7
1291789380  6.5 55 1011.7
1291789440  6.5 55 1011.7
1291789500  6.5 55 1011.8
1291789560  6.5 55 1011.7
1291789620  6.5 55 1011.8
1291789680  6.5 55 1011.8
1291789740  6.5 55 1011.8
1291789800  6.5 55 1011.8
1291789860  6.5 55 1011.8
1291789920  6.5 55 1011.8
1291789980  6.5 55 1011.8
1291790040  6.5 55 1011.9
1291790100  6.5 55 1011.8
1291790160  6.5 55 1011.9
1291790220  6.5 55 1011.8
1291790280  6.5 55 1011.9
1291790340  6.5 55 1011.9
1291790400  6.5 55 1011.9
1291790460  6.5 55 1011.9
1291790520  6.5 55 1011.9
1291790580  6.5 55 1011.9
1291790640  6.5 55 1011.9
1291790700  6.5 55 1011.9
1291790760  6.5 55 1012.0
1291790820  6.5 55 1012.0
1291790880  6.5 55 1011.9
1291790940  6.5 55 1011.9
1291791000  6.5 55 1012.0
1291791060  6.5 55 1012.0
1291791120  6.5 55 1012.0
1291791180  6.5 55 1012.0
1291791240  6.5 55 1012.0
1291791300  6.5 55 1012.0
1291791360  6.5 55 1012.1
1291791420  6.5 55 1012.1
1291791480  6.5 55 1012.1
1291791540  6.5 55 1012.1
1291791600  6.5 55 1012.1
1291791660  6.5 55 1012.1
1291791720  6.5 55 1012.1
1291791780  6.5 55 1012.1
1291791840  6.5 55 1012.1
1291791900  6.5 55 1012.1
1291791960  6.5 55 1012.1
1291792020  6.5 55 1012.2
1291792080  6.5 55 1012.1
1291792140  6.5 55 1012.1
1291792200  6.5 55 1012.1
1291792260  6.5 55 1012.1
1291792320  6.5 55 1012.0
1291792380  6.5 55 1012.0
1291792440  6.5 55 1012.0
1291792500  6.5 55 1012.1
1291792560  6.4 55 1012.2
1291792620  6.5 55 1012.2
1291792680  6.5 55 1012.2
1291792740  6.5 55 1012.1
1291792800  6.5 55 1012.2
1291792860  6.5 55 1012.2
1291792920  6.4 55 1012.1
1291792980  6.4 55 1012.1
1291793040  6.4 55 1012.1
1291793100  6.5 55 1012.1
1291793160  6.5 55 1012.2
1291793220  6.5 55 1012.2
1291793280  6.5 55 1012.2
1291793340  6.5 55 1012.2
1291793400  6.5 55 1012.3
1291793460  6.4 55 1012.3
1291793520  6.4 55 1012.3
1291793580  6.4 55 1012.3
1291793640  6.4 55 1012.3
1291793700  6.4 55 1012.4
1291793760  6.4 55 1012.5
1291793820  6.4 55 1012.4
1291793880  6.4 55 1012.4
1291793940  6.4 55 1012.5
1291794000  6.4 55 1012.4
1291794060  6.4 55 1012.6
1291794120  6.4 55 1012.5
1291794180  6.4 55 1012.5
1291794240  6.4 55 1012.5
1291794300  6.4 55 1012.5
1291794360  6.4 55 1012.6
1291794420  6.4 55 1012.5
1291794480  6.4 55 1012.6
1291794540  6.4 55 1012.6
1291794600  6.4 55 1012.5
1291794660  6.4 55 1012.6
1291794720  6.4 55 1012.7
1291794780  6.4 55 1012.7
1291794840  6.4 55 1012.7
1291794900  6.4 55 1012.8
1291794960  6.4 55 1012.8
1291795020  6.4 55 1012.8
1291795080  6.4 55 1012.8
1291795140  6.4 55 1012.8
1291795200  6.4 55 1012.7
1291795260  6.4 55 1012.9
1291795320  6.4 55 1012.8
1291795380  6.4 55 1012.9
1291795440  6.4 55 1012.9
1291795500  6.4 55 1012.9
1291795560  6.4 55 1012.9
1291795620  6.4 55 1012.9
1291795680  6.4 55 1012.8
1291795740  6.4 55 1012.8
1291795800  6.4 55 1012.9
1291795860  6.4 55 1012.8
1291795920  6.4 55 1012.9
1291796040  6.4 55 1012.9
1291796100  6.4 55 1012.9
1291796160  6.4 55 1012.9
1291796220  6.4 55 1012.9
1291796280  6.4 55 1013.0
1291796340  6.4 55 1013.0
1291796400  6.4 55 1013.1
1291796460  6.4 55 1013.1
1291796520  6.4 55 1013.0
1291796580  6.4 55 1013.1
1291796640  6.4 55 1013.1
1291796700  6.4 55 1013.1
1291796760  6.4 55 1013.1
1291796820  6.4 55 1013.0
1291796880  6.4 55 1013.1
1291796940  6.4 55 1013.1
1291797000  6.4 55 1013.1
1291797060  6.4 55 1013.1
1291797120  6.4 55 1013.1
1291797180  6.4 55 1013.2
1291797240  6.4 55 1013.2
1291797360  6.4 55 1013.1
1291797420  6.4 55 1013.1
1291797480  6.4 55 1013.2
1291797540  6.4 55 1013.2
1291797600  6.4 55 1013.2
1291797660  6.4 55 1013.2
1291797720  6.4 55 1013.2
1291797780  6.4 55 1013.2
1291797840  6.4 55 1013.3
1291797900  6.4 55 1013.3
1291797960  6.4 55 1013.3
1291798020  6.4 55 1013.3
1291798080  6.4 55 1013.3
1291798140  6.4 55 1013.3
1291798200  6.4 55 1013.3
1291798260  6.4 55 1013.3
1291798320  6.4 55 1013.3
1291798380  6.4 55 1013.3
1291798440  6.4 55 1013.3
1291798500  6.4 55 1013.3
1291798560  6.4 55 1013.3
1291798620  6.4 55 1013.3
1291798680  6.4 55 1013.4
1291798740  6.4 55 1013.4
1291798800  6.4 55 1013.4
1291798860  6.4 55 1013.4
1291798920  6.4 55 1013.5
1291798980  6.4 55 1013.4
1291799040  6.4 55 1013.4
1291799100  6.4 55 1013.4
1291799160  6.4 55 1013.4
1291799220  6.4 55 1013.4
1291799280  6.4 55 1013.5
1291799340  6.4 55 1013.6
1291799400  6.4 55 1013.6
1291799460  6.4 55 1013.7
1291799520  6.4 55 1013.7
1291799580  6.4 55 1013.6
1291799640  6.4 55 1013.7
1291799700  6.4 55 1013.6
1291799760  6.4 55 1013.6
1291799820  6.4 55 1013.6
1291799880  6.4 55 1013.7
1291799940  6.4 55 1013.6
1291800000  6.4 55 1013.7
1291800060  6.4 55 1013.7
1291800120  6.4 55 1013.7
1291800180  6.4 55 1013.7
1291800240  6.4 55 1013.7
1291800300  6.4 55 1013.8
1291800360  6.4 55 1013.8
1291800420  6.4 55 1013.8
1291800480  6.4 55 1013.9
1291800540  6.4 55 1014.0
1291800600  6.4 55 1014.0
1291800660  6.4 55 1014.0
1291800720  6.4 55 1014.1
1291800780  6.4 55 1014.1
1291800840  6.4 55 1014.1
1291800960  6.4 55 1014.0
1291801020  6.4 55 1014.0
1291801080  6.4 55 1014.1
1291801140  6.4 55 1014.0
1291801200  6.4 55 1014.1
1291801260  6.4 55 1014.0
1291801320  6.4 55 1014.1
1291801380  6.4 55 1014.0
1291801440  6.4 55 1014.1
1291801560  6.4 55 1014.1
1291801620  6.4 55 1014.1
1291801680  6.4 55 1014.0
1291801740  6.4 55 1014.1
1291801800  6.4 55 1014.1
1291801860  6.4 55 1014.1
1291801920  6.4 55 1014.1
1291801980  6.4 55 1014.1
1291802040  6.4 55 1014.1
1291802160  6.4 55 1014.1
1291802220  6.4 55 1014.2
1291802340  6.4 55 1014.1
1291802400  6.4 55 1014.2
1291802460  6.4 55 1014.2
1291802520  6.4 56 1014.3
1291802580  6.4 56 1014.3
1291802640  6.4 55 1014.3
1291802700  6.4 55 1014.3
1291802760  6.4 55 1014.3
1291802820  6.4 56 1014.3
1291802880  6.4 56 1014.3
1291802940  6.4 56 1014.3
1291803000  6.4 56 1014.3
1291803060  6.4 55 1014.3
1291803120  6.4 55 1014.3
1291803180  6.4 56 1014.3
1291803240  6.4 56 1014.3
1291803360  6.4 55 1014.3
1291803420  6.4 56 1014.3
1291803480  6.4 56 1014.3
1291803540  6.4 56 1014.3
1291803600  6.4 56 1014.3
1291803660  6.4 56 1014.3
1291803720  6.4 56 1014.4
1291803780  6.4 56 1014.4
1291803840  6.4 56 1014.4
1291803900  6.4 56 1014.4
1291803960  6.4 56 1014.4
1291804020  6.4 56 1014.3
1291804080  6.4 56 1014.3
1291804140  6.4 56 1014.4
1291804200  6.4 56 1014.4
1291804260  6.4 56 1014.4
1291804320  6.4 56 1014.4
1291804380  6.4 56 1014.4
1291804440  6.4 56 1014.4
1291804500  6.4 56 1014.5
1291804560  6.4 56 1014.5
1291804620  6.4 56 1014.5
1291804680  6.4 56 1014.6
1291804740  6.4 56 1014.5
1291804800  6.4 56 1014.6
1291804860  6.4 56 1014.5
1291804920  6.4 56 1014.4
1291804980  6.4 56 1014.5
1291805040  6.4 56 1014.4
1291805100  6.4 56 1014.4
1291805160  6.4 56 1014.4
1291805340  6.4 56 1014.4
1291805400  6.4 56 1014.4
1291805460  6.4 56 1014.4
1291805520  6.4 56 1014.4
1291805580  6.4 56 1014.4
1291805640  6.4 56 1014.5
1291805700  6.4 56 1014.5
1291805760  6.4 56 1014.5
1291805820  6.4 56 1014.5
1291805880  6.4 56 1014.5
1291805940  6.4 56 1014.6
1291806000  6.4 56 1014.5
1291806060  6.4 56 1014.5
1291806120  6.4 56 1014.6
1291806180  6.4 56 1014.5
1291806240  6.4 56 1014.5
1291806300  6.4 56 1014.6
1291806360  6.4 56 1014.6
1291806480  6.4 56 1014.6
1291806540  6.4 56 1014.6
1291806600  6.4 56 1014.6
1291806660  6.4 56 1014.6
1291806720  6.4 56 1014.5
1291806780  6.4 56 1014.5
1291806840  6.4 56 1014.5
1291806900  6.4 56 1014.5
1291806960  6.4 56 1014.5
1291807020  6.4 56 1014.6
1291807080  6.4 56 1014.6
1291807140  6.4 56 1014.6
1291807200  6.4 56 1014.6
1291807260  6.4 56 1014.5
1291807320  6.4 56 1014.5
1291807380  6.4 56 1014.6
1291807440  6.4 56 1014.6
1291807500  6.4 56 1014.6
1291807560  6.5 56 1014.7
1291807620  6.4 56 1014.7
1291807740  6.4 56 1014.7
1291807800  6.4 56 1014.6
1291807860  6.5 56 1014.6
1291807920  6.4 56 1014.7
1291807980  6.4 56 1014.7
1291808040  6.4 56 1014.6
1291808100  6.5 56 1014.6
1291808160  6.4 56 1014.6
1291808220  6.5 56 1014.6
1291808280  6.5 56 1014.6
1291808340  6.5 56 1014.6
1291808400  6.5 56 1014.6
1291808460  6.5 56 1014.7
1291808520  6.5 56 1014.7
1291808580  6.5 56 1014.7
1291808640  6.5 56 1014.7
1291808700  6.5 56 1014.7
1291808760  6.5 56 1014.7
1291808820  6.5 56 1014.7
1291808880  6.5 56 1014.7
1291808940  6.5 56 1014.7
1291809000  6.5 56 1014.6
1291809060  6.5 56 1014.7
1291809120  6.5 56 1014.7
1291809180  6.5 56 1014.7
1291809240  6.5 56 1014.7
1291809300  6.5 56 1014.6
1291809360  6.6 56 1014.7
1291809420  6.5 56 1014.8
1291809480  6.5 56 1014.8
1291809540  6.6 56 1014.8
1291809600  6.6 56 1014.6
1291809660  6.6 56 1014.7
1291809720  6.6 56 1014.7
1291809780  6.6 56 1014.7
1291809840  6.6 56 1014.8
1291809900  6.6 56 1014.7
1291809960  6.7 56 1014.7
1291810020  6.7 56 1014.6
1291810080  6.7 56 1014.6
1291810140  6.7 56 1014.6
1291810200  6.7 56 1014.7
1291810260  6.7 56 1014.8
1291810320  6.7 56 1014.6
1291810380  6.7 56 1014.7
1291810440  6.7 56 1014.7
1291810500  6.7 56 1014.7
1291810560  6.7 57 1014.7
1291810620  6.7 56 1014.7
1291810680  6.7 56 1014.7
1291810740  6.7 56 1014.7
1291810800  6.8 56 1014.7
1291810860  6.8 56 1014.8
1291810920  6.8 56 1014.7
1291810980  6.8 56 1014.7
1291811040  6.8 56 1014.7
1291811100  6.8 56 1014.7
1291811160  6.8 56 1014.7
1291811220  6.8 56 1014.8
1291811280  6.8 56 1014.8
1291811340  6.8 56 1014.8
1291811400  6.8 56 1014.6
1291811460  6.8 57 1014.7
1291811580  6.9 57 1014.7
1291811640  6.9 56 1014.8
1291811700  6.9 56 1014.7
1291811760  6.9 56 1014.7
1291811820  6.9 56 1014.7
1291811880  6.9 56 1014.7
1291811940  6.9 56 1014.7
1291812000  6.9 56 1014.7
1291812060  7.0 56 1014.8
1291812120  7.0 56 1014.8
1291812180  7.0 56 1014.8
1291812240  7.0 56 1014.9
1291812300  7.0 56 1014.8
1291812360  7.0 57 1014.8
1291812420  7.0 57 1014.8
1291812480  7.0 57 1014.8
1291812540  7.0 57 1014.8
1291812600  7.0 57 1014.8
1291812660  7.1 56 1014.8
1291812720  7.1 56 1014.9
1291812780  7.1 56 1014.9
1291812840  7.1 56 1014.8
1291812900  7.1 56 1014.9
1291812960  7.1 56 1014.9
1291813020  7.1 56 1014.8
1291813080  7.1 56 1014.8
1291813140  7.1 56 1014.8
1291813200  7.1 56 1014.8
1291813260  7.2 57 1014.9
1291813320  7.2 57 1014.7
1291813380  7.2 57 1014.6
1291813440  7.2 57 1014.7
1291813500  7.2 57 1014.7
1291813560  7.2 57 1014.8
1291813620  7.2 57 1014.8
1291813680  7.2 57 1014.8
1291813740  7.2 57 1014.8
1291813800  7.2 57 1014.7
1291813860  7.2 56 1014.8
1291813920  7.2 56 1014.7
1291813980  7.2 56 1014.7
1291814040  7.2 56 1014.8
1291814100  7.2 56 1014.8
1291814160  7.2 57 1014.8
1291814220  7.3 57 1014.8
1291814280  7.3 57 1014.8
1291814340  7.3 57 1014.8
1291814400  7.3 57 1014.9
1291814460  7.3 57 1015.0
1291814520  7.3 57 1014.9
1291814580  7.3 57 1015.0
1291814640  7.3 57 1015.0
1291814700  7.3 57 1015.0
1291814760  7.3 56 1014.9
1291814820  7.3 56 1015.0
1291814880  7.4 57 1015.1
1291814940  7.4 56 1015.0
1291815000  7.4 56 1015.0
1291815060  7.4 57 1015.1
1291815120  7.4 57 1015.1
1291815180  7.4 57 1015.0
1291815240  7.4 57 1015.1
1291815300  7.4 57 1015.1
1291815360  7.4 57 1015.2
1291815420  7.4 57 1015.2
1291815480  7.5 56 1015.2
1291815540  7.5 56 1015.2
1291815600  7.4 56 1015.2
1291815660  7.4 56 1015.2
1291815720  7.5 56 1015.2
1291815780  7.5 56 1015.3
1291815840  7.5 56 1015.3
1291815900  7.5 56 1015.3
1291815960  7.5 57 1015.3
1291816020  7.5 57 1015.3
1291816080  7.5 57 1015.3
1291816140  7.6 57 1015.5
1291816200  7.6 57 1015.5
1291816320  7.6 56 1015.4
1291816380  7.6 56 1015.4
1291816440  7.6 56 1015.4
1291816500  7.6 56 1015.4
1291816560  7.6 56 1015.4
1291816620  7.6 56 1015.4
1291816680  7.6 56 1015.4
1291816740  7.6 56 1015.5
1291816800  7.6 56 1015.5
1291816860  7.6 56 1015.5
1291816920  7.6 57 1015.5
1291816980  7.6 57 1015.5
1291817040  7.6 56 1015.5
1291817160  7.6 56 1015.5
1291817220  7.7 56 1015.5
1291817280  7.7 56 1015.5
1291817340  7.7 56 1015.5
1291817400  7.7 56 1015.5
1291817460  7.7 56 1015.5
1291817520  7.7 56 1015.5
1291817580  7.7 56 1015.6
1291817640  7.7 56 1015.6
1291817700  7.7 56 1015.6
1291817760  7.7 56 1015.6
1291817820  7.7 56 1015.6
1291817880  7.7 56 1015.6
1291817940  7.7 56 1015.6
1291818000  7.7 56 1015.6
1291818060  7.7 56 1015.6
1291818120  7.7 56 1015.7
1291818180  7.7 56 1015.7
1291818240  7.7 56 1015.7
1291818300  7.7 56 1015.7
1291818360  7.7 56 1015.7
1291818420  7.7 56 1015.8
1291818480  7.7 56 1015.8
1291818540  7.7 56 1015.8
1291818600  7.7 56 1015.8
1291818660  7.7 56 1015.8
1291818720  7.7 56 1015.8
1291818780  7.7 56 1015.8
1291818840  7.8 56 1015.8
1291818900  7.8 56 1015.9
1291818960  7.8 56 1015.9
1291819020  7.8 56 1015.9
1291819080  7.8 56 1015.8
1291819140  7.8 56 1015.9
1291819200  7.8 56 1015.9
1291819260  7.8 56 1015.9
1291819320  7.7 56 1016.2
1291819380  7.8 56 1016.2
1291819440  7.8 56 1016.2
1291819500  7.7 56 1016.1
1291819560  7.7 56 1016.1
1291819620  7.7 56 1016.2
1291819680  7.7 56 1016.2
1291819740  7.7 56 1016.2
1291819800  7.7 56 1016.2
1291819860  7.7 56 1016.2
1291819920  7.7 56 1016.3
1291819980  7.7 56 1016.3
1291820040  7.7 56 1016.4
1291820100  7.7 56 1016.3
1291820160  7.7 56 1016.4
1291820220  7.7 56 1016.4
1291820280  7.7 56 1016.4
1291820340  7.7 56 1016.4
1291820400  7.7 56 1016.4
1291820460  7.7 56 1016.4
1291820520  7.7 56 1016.5
1291820580  7.7 56 1016.5
1291820640  7.7 56 1016.5
1291820700  7.6 56 1016.5
1291820760  7.7 56 1016.6
1291820820  7.6 56 1016.5
1291820880  7.7 56 1016.5
1291820940  7.6 56 1016.6
1291821000  7.6 56 1016.6
1291821060  7.6 56 1016.6
1291821120  7.6 56 1016.6
1291821180  7.6 56 1016.6
1291821240  7.6 56 1016.6
1291821300  7.6 56 1016.5
1291821360  7.6 56 1016.6
1291821420  7.6 56 1016.6
1291821480  7.6 56 1016.6
1291821540  7.6 56 1016.7
1291821600  7.6 56 1016.6
1291821660  7.6 56 1016.6
1291821720  7.6 56 1016.7
1291821780  7.6 56 1016.7
1291821840  7.6 56 1016.7
1291821900  7.6 56 1016.8
1291821960  7.6 56 1016.8
1291822020  7.6 56 1016.8
1291822080  7.6 56 1016.9
1291822140  7.6 56 1016.9
1291822200  7.6 56 1016.9
1291822260  7.6 56 1016.9
1291822320  7.6 56 1017.0
1291822380  7.6 56 1016.9
1291822440  7.6 56 1016.9
1291822500  7.6 56 1016.9
1291822560  7.6 56 1016.9
1291822620  7.6 56 1016.9
1291822680  7.6 56 1016.9
1291822740  7.6 56 1016.9
1291822800  7.6 56 1016.9
1291822920  7.6 55 1017.0
1291822980  7.6 56 1017.0
1291823040  7.6 56 1017.1
1291823100  7.6 56 1017.0
1291823160  7.6 55 1017.1
1291823220  7.5 56 1017.1
1291823280  7.5 55 1017.1
1291823340  7.5 55 1017.2
1291823400  7.5 55 1017.2
1291823460  7.5 55 1017.2
1291823520  7.5 55 1017.1
1291823580  7.5 55 1017.5
1291823640  7.5 55 1017.4
1291823700  7.5 55 1017.4
1291823760  7.5 55 1017.4
1291823820  7.5 55 1017.4
1291823880  7.5 55 1017.4
1291823940  7.5 55 1017.4
1291824060  7.5 55 1017.4
1291824120  7.5 55 1017.4
1291824180  7.5 55 1017.4
1291824240  7.5 56 1017.4
1291824300  7.5 55 1017.4
1291824360  7.5 55 1017.5
1291824420  7.5 55 1017.5
1291824480  7.5 55 1017.6
1291824600  7.5 55 1017.5
1291824660  7.5 55 1017.6
1291824720  7.5 55 1017.6
1291824780  7.5 55 1017.6
1291824840  7.4 55 1017.6
1291824900  7.4 55 1017.7
1291824960  7.4 55 1017.8
1291825020  7.4 55 1017.8
1291825080  7.4 55 1017.9
1291825140  7.4 55 1017.8
1291825200  7.4 55 1017.9
1291825260  7.4 55 1018.0
1291825320  7.4 55 1018.0
1291825380  7.4 55 1018.0
1291825440  7.4 55 1018.0
1291825500  7.4 55 1017.9
1291825560  7.4 55 1018.0
1291825620  7.4 55 1018.0
1291825680  7.4 56 1018.0
1291825740  7.4 55 1018.0
1291825800  7.4 55 1018.0
1291825860  7.4 55 1018.1
1291825920  7.4 55 1018.0
1291825980  7.4 55 1018.0
1291826040  7.4 55 1018.2
1291826100  7.4 55 1018.2
1291826160  7.4 55 1018.2
1291826220  7.4 55 1018.2
1291826280  7.4 55 1018.2
1291826340  7.4 55 1018.3
1291826400  7.4 55 1018.2
1291826460  7.4 55 1018.3
1291826520  7.4 55 1018.3
1291826580  7.4 55 1018.3
1291826640  7.3 55 1018.3
1291826700  7.3 55 1018.5
1291826760  7.3 55 1018.5
1291826820  7.3 55 1018.6
1291826880  7.3 55 1018.6
1291826940  7.3 55 1018.6
1291827000  7.3 55 1018.5
1291827060  7.3 55 1018.6
1291827120  7.3 55 1018.6
1291827180  7.3 55 1018.6
1291827240  7.3 55 1018.6
1291827300  7.3 55 1018.6
1291827360  7.3 55 1018.6
1291827420  7.3 55 1018.7
1291827480  7.3 55 1018.8
1291827540  7.3 55 1018.7
1291827600  7.3 55 1018.7
1291827660  7.3 55 1018.7
1291827720  7.3 55 1018.7
1291827780  7.3 55 1018.7
1291827840  7.2 55 1018.8
1291827900  7.2 55 1018.8
1291827960  7.2 55 1018.9
1291828020  7.2 55 1018.8
1291828080  7.2 55 1018.8
1291828140  7.2 55 1018.9
1291828200  7.2 55 1018.8
1291828260  7.2 55 1018.9
1291828320  7.2 55 1018.9
1291828380  7.2 55 1018.9
1291828440  7.2 55 1018.9
1291828500  7.2 55 1018.9
1291828620  7.2 55 1018.9
1291828680  7.2 55 1019.0
1291828740  7.2 55 1018.9
1291828800  7.2 55 1019.0
1291828860  7.2 55 1018.9
1291828920  7.2 55 1018.9
1291828980  7.2 55 1018.9
1291829040  7.2 55 1018.9
1291829100  7.2 56 1019.2
1291829160  7.2 55 1019.1
1291829220  7.2 55 1019.2
1291829280  7.2 55 1019.3
1291829340  7.2 55 1019.3
1291829400  7.2 55 1019.3
1291829460  7.2 55 1019.3
1291829580  7.2 55 1019.3
1291829640  7.2 55 1019.3
1291829700  7.2 55 1019.3
1291829760  7.2 55 1019.3
1291829880  7.2 55 1019.4
1291829940  7.2 55 1019.3
1291830000  7.2 55 1019.4
1291830060  7.2 55 1019.4
1291830120  7.2 56 1019.4
1291830180  7.2 56 1019.4
1291830240  7.2 56 1019.4
1291830300  7.2 55 1019.4
1291830360  7.2 55 1019.5
1291830420  7.2 55 1019.6
1291830480  7.2 55 1019.6
1291830540  7.2 55 1019.6
1291830600  7.2 55 1019.6
1291830660  7.2 55 1019.6
1291830720  7.2 55 1019.6
1291830780  7.2 55 1019.6
1291830840  7.2 55 1019.6
1291830900  7.2 55 1019.7
1291830960  7.2 55 1019.7
1291831020  7.2 55 1019.7
1291831080  7.2 56 1019.7
1291831140  7.2 55 1019.8
1291831200  7.2 55 1019.9
1291831260  7.2 55 1019.9
1291831320  7.2 55 1020.0
1291831380  7.2 55 1020.0
1291831440  7.2 55 1020.0
1291831500  7.2 55 1020.0
1291831560  7.2 55 1020.1
1291831620  7.2 55 1020.1
1291831680  7.2 55 1020.0
1291831740  7.2 55 1020.1
1291831800  7.2 55 1020.0
1291831860  7.2 55 1020.1
1291831920  7.2 55 1020.1
1291831980  7.2 55 1020.1
1291832040  7.2 55 1020.1
1291832100  7.2 55 1020.2
1291832220  7.2 55 1020.1
1291832280  7.2 55 1020.1
1291832340  7.2 55 1020.1
1291832400  7.2 55 1020.1
1291832460  7.2 55 1020.1
1291832520  7.1 55 1020.1
1291832580  7.2 55 1020.1
1291832640  7.2 55 1020.1
1291832700  7.2 55 1020.3
1291832760  7.2 55 1020.3
1291832820  7.2 55 1020.4
1291832880  7.2 55 1020.4
1291832940  7.2 55 1020.4
1291833000  7.2 55 1020.5
1291833060  7.2 55 1020.5
1291833120  7.2 55 1020.5
1291833180  7.2 55 1020.5
1291833240  7.2 55 1020.5
1291833300  7.2 56 1020.6
1291833360  7.2 55 1020.6
1291833420  7.2 55 1020.6
1291833480  7.2 56 1020.6
1291833540  7.2 55 1020.7
1291833600  7.2 55 1020.6
1291833660  7.2 56 1020.5
1291833720  7.2 55 1020.6
1291833780  7.2 55 1020.6
1291833840  7.2 55 1020.6
1291833900  7.2 56 1020.6
1291833960  7.2 56 1020.7
1291834020  7.2 56 1020.7
1291834080  7.2 56 1020.7
1291834140  7.2 56 1020.8
1291834200  7.2 56 1020.8
1291834260  7.2 56 1020.8
1291834320  7.2 56 1020.8
1291834380  7.2 56 1020.8
1291834440  7.2 56 1020.8
1291834500  7.2 55 1020.8
1291834560  7.2 55 1020.8
1291834620  7.2 56 1020.8
1291834680  7.2 56 1021.0
1291834740  7.2 55 1021.1
1291834800  7.2 56 1021.0
1291834860  7.2 56 1021.1
1291834920  7.1 56 1021.0
1291834980  7.2 56 1021.1
1291835040  7.1 55 1021.1
1291835100  7.1 56 1021.1
1291835160  7.1 56 1021.1
1291835220  7.2 55 1021.1
1291835280  7.2 56 1021.1
1291835340  7.1 56 1021.1
1291835400  7.2 56 1021.1
1291835520  7.2 55 1021.2
1291835580  7.1 56 1021.2
1291835640  7.2 55 1021.2
1291835700  7.2 56 1021.2
1291835760  7.2 56 1021.2
1291835880  7.2 55 1021.2
1291835940  7.1 56 1021.3
1291836000  7.2 55 1021.2
1291836060  7.2 55 1021.3
1291836120  7.1 55 1021.4
1291836180  7.1 55 1021.5
1291836240  7.2 55 1021.5
1291836300  7.1 55 1021.5
1291836360  7.1 55 1021.5
1291836420  7.2 55 1021.4
1291836480  7.1 56 1021.5
1291836540  7.1 55 1021.5
1291836600  7.2 55 1021.6
1291836660  7.1 55 1021.6
1291836720  7.1 55 1021.6
1291836780  7.1 55 1021.6
1291836840  7.1 55 1021.6
1291836900  7.1 56 1021.6
1291836960  7.1 56 1021.6
1291837020  7.1 55 1021.6
1291837080  7.1 55 1021.7
1291837140  7.1 56 1021.7
1291837200  7.1 55 1021.6
1291837260  7.1 55 1021.8
1291837320  7.1 55 1021.7
1291837380  7.1 55 1021.7
1291837440  7.1 55 1021.7
1291837500  7.1 55 1021.7
1291837560  7.1 55 1021.7
1291837620  7.1 55 1021.7
1291837680  7.1 55 1021.7
1291837740  7.1 55 1021.8
1291837800  7.1 55 1021.8
1291837860  7.1 55 1022.0
1291837920  7.1 55 1021.9
1291837980  7.1 55 1021.9
1291838040  7.1 55 1022.0
1291838100  7.1 55 1022.0
1291838160  7.1 55 1022.0
1291838220  7.1 55 1021.9
1291838280  7.1 55 1022.1
1291838340  7.1 55 1022.1
1291838400  7.1 55 1022.1
1291838460  7.1 55 1022.1
1291838520  7.1 55 1022.2
1291838580  7.0 55 1022.2
1291838640  7.1 55 1022.2
1291838700  7.0 55 1022.2
1291838760  7.0 55 1022.2
1291838820  7.0 55 1022.2
1291838880  7.0 55 1022.3
1291838940  7.1 55 1022.4
1291839000  7.0 55 1022.4
1291839060  7.0 55 1022.4
1291839120  7.1 55 1022.5
1291839180  7.0 55 1022.5
1291839240  7.0 55 1022.5
1291839300  7.1 55 1022.5
1291839360  7.1 55 1022.5
1291839480  7.0 55 1022.5
1291839540  7.0 55 1022.6
1291839600  7.0 55 1022.5
1291839660  7.0 55 1022.7
1291839720  7.0 55 1022.6
1291839780  7.0 55 1022.6
1291839840  7.0 55 1022.7
1291839900  7.0 55 1022.7
1291839960  7.0 55 1022.7
1291840020  7.0 55 1022.7
1291840080  7.0 55 1022.7
1291840140  7.0 55 1022.7
1291840200  7.0 55 1022.7
1291840260  7.0 55 1022.8
1291840320  7.0 55 1022.7
1291840380  7.0 55 1022.8
1291840440  7.0 55 1022.8
1291840500  7.0 55 1022.7
1291840560  7.0 55 1022.7
1291840620  7.0 55 1022.7
1291840680  7.0 55 1022.7
1291840740  7.0 55 1022.7
1291840800  7.0 55 1022.8
1291840860  7.0 55 1022.9
1291840920  7.0 55 1022.9
1291840980  7.0 55 1022.8
1291841040  7.0 55 1022.8
1291841100  7.0 55 1022.9
1291841160  7.0 55 1022.9
1291841220  7.0 55 1022.9
1291841280  7.0 55 1023.0
1291841340  7.0 55 1022.9
1291841400  7.0 55 1022.9
1291841520  7.0 55 1022.9
1291841580  7.0 55 1022.9
1291841640  7.0 55 1022.9
1291841700  7.0 55 1022.9
1291841760  7.0 55 1022.9
1291841820  7.0 55 1022.9
1291841880  7.0 55 1022.9
1291841940  7.0 55 1022.9
1291842000  7.0 55 1022.9
1291842060  7.0 55 1022.9
1291842120  7.0 55 1022.9
1291842180  7.0 55 1022.9
1291842240  7.0 55 1022.9
1291842300  7.0 55 1022.9
1291842360  7.0 55 1022.9
1291842420  7.0 55 1022.9
1291842480  7.0 55 1022.9
1291842540  6.9 55 1022.9
1291842600  7.0 55 1022.9
1291842660  7.0 55 1023.0
1291842720  7.0 55 1023.0
1291842780  7.0 55 1023.0
1291842840  6.9 55 1022.9
1291842900  7.0 55 1022.9
1291842960  7.0 55 1022.9
1291843140  7.0 55 1023.1
1291843200  6.9 55 1023.1
1291843260  6.9 55 1023.1
1291843320  6.9 55 1023.1
1291843380  6.9 55 1023.2
1291843440  6.9 55 1023.2
1291843500  6.9 55 1023.2
1291843560  6.9 55 1023.2
1291843620  6.9 55 1023.2
1291843680  6.9 55 1023.2
1291843740  7.0 55 1023.4
1291843800  6.9 55 1023.3
1291843860  6.9 55 1023.4
1291843920  6.9 55 1023.4
1291843980  6.9 55 1023.4
1291844040  6.9 55 1023.4
1291844100  6.9 55 1023.4
1291844160  6.9 55 1023.3
1291844220  6.9 55 1023.3
1291844280  6.9 55 1023.3
1291844340  6.9 55 1023.4
1291844400  6.9 55 1023.4
1291844460  6.9 55 1023.3
1291844520  6.9 55 1023.4
1291844580  6.9 55 1023.4
1291844640  6.9 55 1023.5
1291844700  6.9 55 1023.5
1291844760  6.9 55 1023.5
1291844820  6.9 55 1023.5
1291844880  6.9 55 1023.5
1291844940  6.9 55 1023.5
1291845000  6.9 55 1023.5
1291845060  6.9 55 1023.6
1291845120  6.9 55 1023.6
1291845180  6.9 55 1023.7
1291845240  6.9 55 1023.7
1291845300  6.9 55 1023.7
1291845360  6.9 55 1023.8
1291845420  6.9 55 1023.8
1291845480  6.9 55 1023.8
1291845540  6.9 55 1023.8
1291845600  6.9 55 1024.0
1291845660  6.8 55 1023.9
1291845720  6.9 55 1023.9
1291845780  6.8 55 1024.0
1291845840  6.8 55 1024.0
1291845900  6.8 55 1024.2
1291845960  6.8 55 1024.1
1291846020  6.8 55 1024.3
1291846080  6.8 55 1024.3
1291846140  6.9 55 1024.3
1291846200  6.8 55 1024.3
1291846260  6.8 55 1024.3
1291846320  6.9 55 1024.3
1291846380  6.8 55 1024.3
1291846440  6.8 55 1024.3
1291846500  6.8 55 1024.4
1291846560  6.8 55 1024.5
1291846620  6.8 55 1024.4
1291846680  6.8 55 1024.4
1291846740  6.8 55 1024.4
1291846800  6.8 55 1024.4
1291846860  6.8 55 1024.5
1291846920  6.8 55 1024.5
1291846980  6.8 55 1024.5
1291847040  6.8 55 1024.5
1291847100  6.8 55 1024.5
1291847160  6.8 55 1024.6
1291847220  6.8 55 1024.5
1291847280  6.8 55 1024.5
1291847340  6.8 55 1024.5
1291847400  6.8 55 1024.6
1291847460  6.8 55 1024.6
1291847520  6.8 55 1024.6
1291847580  6.8 55 1024.6
1291847640  6.8 55 1024.6
1291847700  6.8 55 1024.7
1291847760  6.8 55 1024.7
1291847820  6.8 55 1024.6
1291847880  6.8 55 1024.6
1291847940  6.8 55 1024.6
1291848000  6.8 55 1024.6
1291848060  6.8 55 1024.7
1291848120  6.8 55 1024.6
1291848180  6.8 55 1024.8
1291848240  6.8 55 1024.7
1291848300  6.8 55 1024.8
1291848360  6.8 55 1024.7
1291848420  6.8 55 1024.8
1291848480  6.8 55 1024.8
1291848540  6.8 55 1024.8
1291848600  6.8 55 1024.7
1291848660  6.8 55 1024.8
1291848720  6.8 55 1024.7
1291848780  6.8 55 1024.8
1291848840  6.8 55 1024.8
1291848900  6.8 55 1024.8
1291848960  6.8 55 1025.0
1291849020  6.8 55 1024.9
1291849080  6.8 55 1024.9
1291849140  6.8 55 1024.9
1291849200  6.8 55 1025.0
1291849260  6.8 55 1025.1
1291849320  6.8 55 1025.0
1291849380  6.8 55 1025.0
1291849440  6.8 55 1025.1
1291849500  6.8 55 1025.1
1291849560  6.8 55 1025.1
1291849620  6.8 55 1025.1
1291849680  6.8 55 1025.1
1291849740  6.8 55 1025.1
1291849800  6.8 55 1025.2
1291849860  6.8 55 1025.2
1291849920  6.8 55 1025.2
1291849980  6.8 55 1025.3
1291850040  6.8 55 1025.3
1291850100  6.8 55 1025.4
1291850160  6.8 55 1025.4
1291850220  6.8 55 1025.4
1291850280  6.8 55 1025.4
1291850340  6.8 55 1025.4
1291850400  6.8 55 1025.4
1291850460  6.8 55 1025.3
1291850520  6.8 55 1025.4
1291850580  6.8 55 1025.3
1291850640  6.8 55 1025.4
1291850700  6.8 55 1025.4
1291850760  6.8 55 1025.4
1291850820  6.8 55 1025.3
1291850880  6.8 55 1025.3
1291850940  6.8 55 1025.3
1291851000  6.8 55 1025.5
1291851060  6.8 55 1025.4
1291851120  6.8 55 1025.4
1291851180  6.8 55 1025.4
1291851240  6.8 55 1025.4
1291851300  6.8 55 1025.5
1291851360  6.8 55 1025.4
1291851420  6.8 55 1025.4
1291851480  6.8 55 1025.4
1291851540  6.8 55 1025.4
1291851660  6.8 55 1025.4
1291851720  6.8 55 1025.4
1291851780  6.8 55 1025.4
1291851840  6.8 55 1025.4
1291851900  6.8 55 1025.5
1291851960  6.8 55 1025.5
1291852020  6.8 55 1025.5
1291852080  6.8 55 1025.5
1291852140  6.8 55 1025.5
1291852200  6.8 55 1025.5
1291852260  6.8 55 1025.5
1291852320  6.8 55 1025.6
1291852380  6.8 55 1025.6
1291852440  6.8 55 1025.7
1291852500  6.8 55 1025.7
1291852560  6.8 55 1025.7
1291852620  6.8 55 1025.8
1291852680  6.8 55 1025.8
1291852740  6.8 55 1025.8
