1292198400  9.3 58 1028.7
1292198460  9.3 58 1028.8
1292198520  9.2 58 1028.7
1292198580  9.2 58 1028.8
1292198640  9.2 58 1028.7
1292198700  9.2 58 1028.7
1292198760  9.2 58 1028.7
1292198820  9.2 58 1028.6
1292198880  9.2 58 1028.6
1292198940  9.2 58 1028.6
1292199000  9.2 58 1028.7
1292199060  9.2 58 1028.7
1292199120  9.2 58 1028.7
1292199180  9.3 58 1028.6
1292199240  9.3 58 1028.7
1292199300  9.2 58 1028.6
1292199360  9.3 58 1028.8
1292199420  9.3 58 1028.6
1292199480  9.3 58 1028.6
1292199540  9.3 58 1028.6
1292199600  9.3 58 1028.6
1292199660  9.2 58 1028.8
1292199720  9.2 58 1028.6
1292199780  9.2 58 1028.7
1292199840  9.2 58 1028.7
1292199900  9.2 58 1028.8
1292199960  9.2 58 1028.8
1292200020  9.2 58 1028.8
1292200080  9.2 58 1028.8
1292200140  9.2 58 1028.8
1292200200  9.3 58 1028.8
1292200260  9.3 58 1028.7
1292200320  9.2 58 1028.7
1292200380  9.2 58 1028.8
1292200440  9.2 58 1028.7
1292200500  9.2 58 1028.7
1292200560  9.3 58 1028.8
1292200620  9.2 58 1028.7
1292200680  9.3 58 1028.7
1292200740  9.3 58 1028.7
1292200800  9.3 58 1028.7
1292200860  9.3 58 1028.7
1292200920  9.2 58 1028.7
1292200980  9.3 58 1028.7
1292201040  9.3 58 1028.6
1292201100  9.3 58 1028.6
1292201160  9.3 58 1028.6
1292201220  9.3 58 1028.6
1292201280  9.3 58 1028.6
1292201340  9.3 58 1028.6
1292201400  9.3 58 1028.7
1292201460  9.2 58 1028.7
1292201580  9.2 58 1028.6
1292201640  9.2 58 1028.7
1292201700  9.2 58 1028.7
1292201760  9.2 58 1028.7
1292201820  9.2 58 1028.7
1292201880  9.2 58 1028.7
1292201940  9.2 58 1028.7
1292202000  9.2 58 1028.8
1292202060  9.2 58 1028.8
1292202120  9.2 58 1028.8
1292202180  9.2 58 1028.8
1292202240  9.2 58 1028.8
1292202300  9.2 58 1028.9
1292202360  9.2 58 1028.8
1292202420  9.2 58 1028.9
1292202480  9.2 58 1028.9
1292202540  9.2 58 1028.9
1292202600  9.2 58 1028.8
1292202660  9.2 58 1028.8
1292202720  9.2 58 1028.9
1292202780  9.2 58 1028.9
1292202840  9.2 58 1028.9
1292202900  9.2 58 1028.9
1292202960  9.2 58 1029.0
1292203020  9.2 58 1028.9
1292203080  9.2 58 1028.9
1292203140  9.2 58 1028.9
1292203200  9.2 58 1029.0
1292203260  9.2 58 1028.9
1292203320  9.2 58 1029.0
1292203380  9.2 58 1028.9
1292203440  9.2 58 1028.9
1292203500  9.2 58 1029.0
1292203560  9.2 58 1028.9
1292203620  9.2 58 1028.9
1292203680  9.2 58 1028.9
1292203740  9.2 58 1028.9
1292203800  9.2 58 1029.0
1292203860  9.2 58 1029.1
1292203920  9.2 58 1029.0
1292203980  9.2 58 1029.1
1292204040  9.2 58 1029.0
1292204100  9.2 58 1029.0
1292204160  9.2 58 1029.1
1292204220  9.2 58 1029.1
1292204280  9.2 58 1029.1
1292204340  9.2 58 1029.1
1292204400  9.2 58 1029.0
1292204460  9.2 58 1029.0
1292204520  9.2 58 1029.0
1292204580  9.2 58 1029.1
1292204640  9.2 58 1029.0
1292204700  9.2 58 1029.1
1292204820  9.2 58 1029.1
1292204880  9.2 58 1029.1
1292204940  9.2 58 1029.1
1292205000  9.2 58 1029.1
1292205060  9.2 58 1029.1
1292205120  9.2 58 1029.1
1292205180  9.2 58 1029.1
1292205240  9.2 58 1029.1
1292205300  9.2 58 1029.1
1292205360  9.2 58 1029.1
1292205420  9.2 58 1029.2
1292205480  9.2 58 1029.1
1292205540  9.2 58 1029.0
1292205600  9.2 58 1029.1
1292205660  9.2 58 1029.1
1292205720  9.2 58 1029.1
1292205780  9.2 58 1029.2
1292205840  9.2 58 1029.3
1292205900  9.2 58 1029.2
1292205960  9.2 58 1029.3
1292206020  9.2 58 1029.2
1292206080  9.2 58 1029.1
1292206140  9.2 58 1029.1
1292206200  9.2 58 1029.3
1292206260  9.2 58 1029.3
1292206320  9.2 58 1029.2
1292206380  9.2 58 1029.2
1292206440  9.2 58 1029.2
1292206500  9.2 58 1029.2
1292206560  9.2 58 1029.2
1292206620  9.2 58 1029.1
1292206680  9.2 58 1029.2
1292206740  9.2 58 1029.1
1292206800  9.2 58 1029.1
1292206860  9.2 58 1029.1
1292206920  9.2 58 1029.1
1292206980  9.2 58 1029.2
1292207040  9.2 58 1029.1
1292207100  9.2 58 1029.1
1292207160  9.2 58 1029.1
1292207220  9.2 58 1029.2
1292207280  9.2 58 1029.2
1292207340  9.2 58 1029.1
1292207400  9.2 58 1029.1
1292207460  9.2 58 1029.1
1292207520  9.2 58 1029.1
1292207580  9.2 58 1029.1
1292207640  9.2 58 1029.1
1292207700  9.2 58 1029.1
1292207760  9.2 58 1029.1
1292207820  9.2 58 1029.1
1292207880  9.2 58 1029.0
1292207940  9.2 58 1029.1
1292208000  9.2 58 1029.1
1292208060  9.2 58 1029.1
1292208120  9.2 58 1029.0
1292208180  9.2 58 1029.0
1292208240  9.2 58 1029.1
1292208300  9.2 58 1029.1
1292208360  9.2 58 1029.1
1292208420  9.2 58 1029.1
1292208480  9.2 58 1029.0
1292208540  9.2 58 1029.0
1292208600  9.2 58 1029.0
1292208660  9.2 58 1029.0
1292208720  9.2 58 1029.0
1292208780  9.2 58 1029.0
1292208840  9.2 58 1029.0
1292208900  9.2 58 1029.0
1292208960  9.2 58 1029.0
1292209020  9.2 58 1028.9
1292209080  9.2 58 1029.0
1292209140  9.2 58 1028.9
1292209200  9.2 58 1028.9
1292209260  9.2 58 1028.9
1292209320  9.2 58 1029.0
1292209380  9.2 58 1028.9
1292209440  9.2 58 1028.9
1292209500  9.2 58 1029.0
1292209560  9.2 58 1028.9
1292209620  9.2 58 1029.0
1292209680  9.2 58 1029.0
1292209740  9.2 58 1029.0
1292209800  9.2 58 1029.0
1292209860  9.2 58 1029.0
1292209920  9.2 58 1028.9
1292209980  9.2 58 1029.0
1292210040  9.2 58 1028.9
1292210100  9.2 58 1028.9
1292210160  9.2 58 1028.9
1292210220  9.1 58 1029.0
1292210280  9.2 58 1028.9
1292210340  9.2 58 1028.9
1292210400  9.2 58 1028.9
1292210460  9.2 58 1028.9
1292210520  9.1 58 1029.0
1292210580  9.2 58 1029.0
1292210640  9.2 58 1029.0
1292210700  9.2 58 1029.0
1292210760  9.2 58 1029.0
1292210820  9.2 58 1029.0
1292210880  9.1 58 1029.0
1292210940  9.2 58 1029.0
1292211000  9.1 58 1029.0
1292211060  9.1 58 1029.0
1292211120  9.1 58 1029.0
1292211180  9.1 58 1029.0
1292211240  9.1 58 1028.9
1292211300  9.1 58 1029.0
1292211360  9.1 58 1028.9
1292211420  9.1 58 1028.9
1292211540  9.1 58 1029.0
1292211600  9.1 58 1028.9
1292211660  9.1 58 1028.9
1292211720  9.1 58 1028.9
1292211780  9.1 58 1029.0
1292211840  9.1 58 1029.0
1292211900  9.1 58 1028.9
1292211960  9.1 58 1029.0
1292212020  9.1 58 1029.0
1292212080  9.1 58 1029.0
1292212140  9.1 58 1029.0
1292212200  9.2 58 1029.0
1292212260  9.2 58 1029.0
1292212320  9.1 58 1029.0
1292212380  9.1 58 1029.1
1292212440  9.1 58 1029.1
1292212500  9.1 58 1029.1
1292212560  9.1 58 1029.1
1292212620  9.1 58 1029.1
1292212680  9.1 58 1029.1
1292212740  9.1 58 1029.1
1292212800  9.1 58 1029.1
1292212860  9.1 58 1029.1
1292212920  9.1 58 1029.1
1292212980  9.1 58 1029.0
1292213040  9.1 58 1029.1
1292213100  9.1 58 1029.1
1292213160  9.1 58 1029.1
1292213220  9.1 58 1029.2
1292213280  9.1 58 1029.1
1292213340  9.1 58 1029.1
1292213400  9.1 58 1029.1
1292213460  9.1 58 1029.1
1292213520  9.1 58 1029.2
1292213580  9.1 58 1029.0
1292213640  9.1 58 1029.1
1292213700  9.1 58 1029.1
1292213760  9.1 58 1029.1
1292213820  9.1 58 1029.0
1292213880  9.1 58 1029.1
1292213940  9.1 58 1029.1
1292214000  9.1 58 1029.1
1292214060  9.1 58 1029.1
1292214120  9.1 58 1029.1
1292214180  9.1 58 1029.2
1292214240  9.1 58 1029.1
1292214300  9.1 58 1029.1
1292214360  9.1 58 1029.2
1292214420  9.1 58 1029.1
1292214480  9.1 58 1029.1
1292214540  9.1 58 1029.1
1292214600  9.1 58 1029.0
1292214660  9.1 58 1029.1
1292214720  9.1 58 1029.1
1292214780  9.1 58 1029.1
1292214840  9.1 58 1029.1
1292214900  9.1 58 1029.1
1292214960  9.1 58 1029.1
1292215020  9.1 58 1029.1
1292215080  9.1 58 1029.1
1292215140  9.1 58 1029.1
1292215200  9.1 58 1029.0
1292215260  9.1 58 1029.0
1292215320  9.1 58 1029.1
1292215380  9.1 58 1029.1
1292215440  9.1 58 1029.1
1292215500  9.1 58 1029.0
1292215560  9.1 58 1029.1
1292215620  9.1 58 1029.1
1292215680  9.1 58 1029.1
1292215740  9.1 58 1029.1
1292215800  9.1 58 1029.1
1292215860  9.1 58 1029.1
1292215920  9.1 58 1029.0
1292215980  9.1 58 1029.0
1292216040  9.1 58 1029.0
1292216100  9.1 58 1029.1
1292216160  9.1 58 1029.1
1292216220  9.1 58 1029.1
1292216280  9.1 58 1029.2
1292216340  9.1 58 1029.2
1292216400  9.1 58 1029.2
1292216460  9.1 58 1029.2
1292216520  9.1 58 1029.2
1292216580  9.1 58 1029.2
1292216640  9.1 58 1029.2
1292216700  9.1 58 1029.3
1292216760  9.0 58 1029.3
1292216820  9.1 58 1029.3
1292216880  9.0 58 1029.3
1292216940  9.1 58 1029.4
1292217000  9.1 58 1029.4
1292217060  9.1 58 1029.4
1292217120  9.1 58 1029.3
1292217180  9.1 58 1029.3
1292217240  9.1 58 1029.3
1292217300  9.0 58 1029.4
1292217360  9.0 58 1029.3
1292217420  9.0 58 1029.3
1292217480  9.0 58 1029.4
1292217540  9.1 58 1029.4
1292217600  9.0 58 1029.3
1292217660  9.0 58 1029.3
1292217720  9.1 58 1029.3
1292217780  9.1 58 1029.3
1292217840  9.1 58 1029.3
1292217900  9.0 58 1029.3
1292217960  9.0 58 1029.3
1292218020  9.0 58 1029.3
1292218080  9.1 58 1029.4
1292218140  9.0 58 1029.3
1292218200  9.1 58 1029.4
1292218260  9.0 58 1029.4
1292218320  9.1 58 1029.4
1292218380  9.1 58 1029.4
1292218440  9.1 58 1029.4
1292218500  9.0 58 1029.4
1292218560  9.0 58 1029.5
1292218620  9.0 58 1029.5
1292218680  9.0 58 1029.6
1292218740  9.0 58 1029.6
1292218800  9.0 58 1029.6
1292218860  9.0 58 1029.6
1292218920  9.0 58 1029.6
1292218980  9.0 58 1029.6
1292219040  9.0 58 1029.6
1292219100  9.0 58 1029.6
1292219160  9.0 58 1029.5
1292219220  9.0 58 1029.6
1292219280  9.0 58 1029.6
1292219340  9.0 58 1029.7
1292219400  9.0 58 1029.6
1292219460  9.0 58 1029.6
1292219520  9.0 58 1029.6
1292219580  9.0 58 1029.6
1292219640  9.0 58 1029.6
1292219700  9.0 58 1029.7
1292219760  9.0 58 1029.6
1292219820  9.0 58 1029.7
1292219880  9.0 58 1029.7
1292219940  9.0 58 1029.7
1292220000  9.0 58 1029.7
1292220060  9.0 58 1029.7
1292220120  9.0 58 1029.7
1292220180  9.0 58 1029.6
1292220240  9.0 58 1029.6
1292220300  9.0 58 1029.6
1292220360  9.0 58 1029.6
1292220420  9.0 58 1029.6
1292220480  9.0 58 1029.6
1292220540  9.0 58 1029.6
1292220600  9.0 58 1029.6
1292220660  9.0 58 1029.6
1292220720  9.0 58 1029.6
1292220780  9.0 58 1029.6
1292220840  9.0 58 1029.6
1292220900  9.0 58 1029.6
1292220960  9.0 58 1029.6
1292221020  9.0 58 1029.6
1292221080  9.0 58 1029.6
1292221140  9.0 58 1029.5
1292221200  9.0 58 1029.6
1292221260  9.0 58 1029.6
1292221320  9.0 58 1029.6
1292221380  9.0 58 1029.6
1292221440  9.0 58 1029.6
1292221500  9.0 58 1029.6
1292221560  9.0 58 1029.6
1292221620  9.0 58 1029.6
1292221680  9.0 58 1029.7
1292221740  9.0 58 1029.7
1292221800  9.0 58 1029.6
1292221860  9.0 58 1029.6
1292221920  9.0 58 1029.6
1292221980  9.0 58 1029.6
1292222040  9.0 58 1029.6
1292222100  9.0 58 1029.6
1292222160  9.0 58 1029.6
1292222220  9.0 58 1029.6
1292222280  9.0 58 1029.6
1292222340  9.0 58 1029.7
1292222400  9.0 58 1029.6
1292222460  9.0 58 1029.6
1292222520  9.0 58 1029.6
1292222580  9.0 58 1029.6
1292222640  9.0 58 1029.6
1292222700  9.0 58 1029.6
1292222760  9.0 58 1029.7
1292222820  9.0 58 1029.6
1292222880  9.0 58 1029.6
1292222940  9.0 58 1029.6
1292223000  9.0 58 1029.6
1292223060  9.0 58 1029.6
1292223120  9.0 58 1029.6
1292223180  9.0 58 1029.6
1292223240  9.0 58 1029.6
1292223300  9.0 58 1029.6
1292223360  9.0 58 1029.5
1292223420  9.0 58 1029.6
1292223480  9.0 58 1029.6
1292223540  9.0 58 1029.6
1292223600  9.0 58 1029.5
1292223660  9.0 58 1029.5
1292223720  9.0 58 1029.6
1292223780  9.0 58 1029.7
1292223840  9.0 58 1029.7
1292223900  9.0 58 1029.7
1292223960  9.0 58 1029.7
1292224020  9.0 58 1029.6
1292224080  9.0 58 1029.6
1292224140  9.0 58 1029.7
1292224200  9.0 58 1029.6
1292224260  9.0 58 1029.7
1292224320  9.0 58 1029.7
1292224380  9.0 58 1029.6
1292224440  9.0 58 1029.7
1292224500  9.0 58 1029.6
1292224560  9.0 58 1029.6
1292224620  8.9 58 1029.8
1292224680  8.9 57 1029.7
1292224740  8.9 57 1029.9
1292224800  8.9 58 1030.0
1292224860  9.0 57 1030.0
1292224920  9.0 58 1030.1
1292224980  9.0 58 1030.1
1292225040  9.0 58 1030.0
1292225100  9.0 58 1030.0
1292225160  9.0 58 1030.0
1292225220  9.0 58 1030.0
1292225280  9.0 58 1030.0
1292225340  9.0 58 1030.1
1292225400  9.0 58 1030.1
1292225460  8.9 58 1030.2
1292225520  8.9 57 1030.1
1292225580  8.9 57 1030.1
1292225640  8.9 57 1030.2
1292225700  8.9 57 1030.2
1292225760  8.9 57 1030.2
1292225820  8.9 58 1030.2
1292225880  8.9 58 1030.2
1292225940  8.9 58 1030.2
1292226000  8.9 58 1030.3
1292226060  8.9 57 1030.1
1292226120  8.9 58 1030.1
1292226180  8.9 57 1030.2
1292226240  8.9 58 1030.2
1292226300  8.9 57 1030.2
1292226360  8.9 57 1030.2
1292226420  8.9 57 1030.2
1292226480  8.9 57 1030.2
1292226540  8.9 57 1030.2
1292226600  8.9 58 1030.2
1292226660  8.9 57 1030.2
1292226720  8.9 57 1030.2
1292226780  8.9 57 1030.2
1292226840  8.9 57 1030.2
1292226900  8.9 57 1030.2
1292226960  8.9 57 1030.2
1292227020  8.9 58 1030.2
1292227080  8.9 58 1030.2
1292227140  8.9 58 1030.2
1292227200  8.9 57 1030.2
1292227260  8.9 57 1030.3
1292227320  8.9 57 1030.2
1292227380  8.9 58 1030.3
1292227440  8.9 57 1030.2
1292227500  8.9 57 1030.2
1292227560  8.9 57 1030.2
1292227620  8.9 58 1030.2
1292227680  8.9 57 1030.3
1292227740  8.9 57 1030.3
1292227800  8.9 57 1030.3
1292227860  8.9 57 1030.3
1292227920  8.9 57 1030.3
1292227980  8.9 57 1030.2
1292228040  8.9 57 1030.4
1292228100  8.9 57 1030.3
1292228160  8.9 57 1030.3
1292228220  8.9 57 1030.3
1292228280  8.9 58 1030.3
1292228340  8.9 57 1030.3
1292228400  8.9 57 1030.4
1292228460  8.9 57 1030.3
1292228520  8.9 57 1030.3
1292228580  8.9 57 1030.3
1292228640  8.9 57 1030.3
1292228700  8.9 57 1030.3
1292228760  8.9 57 1030.3
1292228820  8.9 57 1030.3
1292228880  8.9 57 1030.3
1292228940  8.9 57 1030.3
1292229000  8.9 57 1030.2
1292229060  8.9 57 1030.3
1292229120  8.9 57 1030.2
1292229180  8.9 57 1030.3
1292229240  8.9 57 1030.3
1292229300  8.9 57 1030.3
1292229360  8.9 57 1030.3
1292229420  8.9 57 1030.3
1292229480  8.9 57 1030.3
1292229540  8.9 57 1030.2
1292229600  8.9 57 1030.3
1292229660  8.9 57 1030.3
1292229720  8.9 57 1030.3
1292229780  8.9 57 1030.2
1292229840  8.9 57 1030.3
1292229900  8.9 57 1030.2
1292229960  8.9 57 1030.2
1292230020  8.9 57 1030.2
1292230080  8.9 57 1030.3
1292230140  8.9 58 1030.3
1292230200  8.8 57 1030.2
1292230260  8.9 57 1030.2
1292230320  8.9 57 1030.2
1292230380  8.9 57 1030.2
1292230440  8.9 57 1030.3
1292230500  8.9 57 1030.3
1292230560  8.9 57 1030.3
1292230620  8.9 57 1030.3
1292230680  8.9 57 1030.2
1292230740  8.9 57 1030.2
1292230800  8.9 57 1030.2
1292230860  8.9 57 1030.3
1292230920  8.8 57 1030.3
1292230980  8.8 57 1030.3
1292231040  8.8 57 1030.3
1292231100  8.8 57 1030.3
1292231160  8.8 57 1030.3
1292231220  8.8 58 1030.3
1292231280  8.8 57 1030.3
1292231340  8.8 57 1030.3
1292231400  8.8 57 1030.4
1292231460  8.8 57 1030.3
1292231520  8.8 57 1030.3
1292231580  8.9 57 1030.3
1292231640  8.8 57 1030.3
1292231700  8.8 57 1030.3
1292231760  8.8 57 1030.3
1292231880  8.8 57 1030.3
1292231940  8.8 57 1030.3
1292232000  8.8 57 1030.4
1292232060  8.8 57 1030.3
1292232120  8.8 57 1030.3
1292232180  8.8 57 1030.3
1292232240  8.8 57 1030.3
1292232300  8.8 57 1030.3
1292232360  8.8 57 1030.3
1292232420  8.9 57 1030.3
1292232480  8.8 57 1030.3
1292232540  8.8 57 1030.3
1292232600  8.8 57 1030.3
1292232660  8.8 57 1030.3
1292232720  8.8 57 1030.3
1292232780  8.9 57 1030.3
1292232840  8.8 57 1030.2
1292232900  8.8 57 1030.3
1292232960  8.8 57 1030.3
1292233020  8.8 57 1030.3
1292233080  8.9 57 1030.3
1292233140  8.8 57 1030.3
1292233200  8.8 57 1030.3
1292233260  8.8 57 1030.3
1292233320  8.9 57 1030.3
1292233380  8.8 57 1030.3
1292233440  8.8 57 1030.3
1292233500  8.8 57 1030.3
1292233560  8.8 57 1030.3
1292233620  8.8 57 1030.3
1292233680  8.8 57 1030.3
1292233740  8.8 57 1030.2
1292233800  8.8 57 1030.3
1292233860  8.8 57 1030.3
1292233920  8.8 57 1030.3
1292233980  8.8 57 1030.3
1292234040  8.8 57 1030.3
1292234100  8.8 57 1030.3
1292234160  8.8 57 1030.4
1292234220  8.8 57 1030.4
1292234280  8.8 57 1030.4
1292234340  8.8 57 1030.4
1292234400  8.8 57 1030.3
1292234460  8.8 57 1030.4
1292234520  8.8 57 1030.4
1292234580  8.8 57 1030.4
1292234640  8.8 57 1030.4
1292234700  8.8 57 1030.3
1292234760  8.8 57 1030.3
1292234820  8.8 57 1030.3
1292234880  8.8 57 1030.3
1292234940  8.8 57 1030.3
1292235000  8.8 57 1030.3
1292235060  8.8 57 1030.3
1292235120  8.8 57 1030.3
1292235180  8.8 57 1030.3
1292235240  8.8 57 1030.3
1292235300  8.8 57 1030.3
1292235360  8.8 57 1030.3
1292235420  8.8 57 1030.4
1292235480  8.8 57 1030.4
1292235540  8.8 57 1030.4
1292235600  8.8 57 1030.4
1292235660  8.8 57 1030.4
1292235720  8.8 57 1030.4
1292235780  8.8 57 1030.5
1292235840  8.8 57 1030.5
1292235900  8.8 57 1030.6
1292235960  8.8 57 1030.6
1292236020  8.8 57 1030.5
1292236080  8.8 57 1030.5
1292236140  8.8 57 1030.5
1292236200  8.8 57 1030.5
1292236260  8.8 57 1030.4
1292236320  8.8 57 1030.4
1292236380  8.8 57 1030.4
1292236440  8.8 57 1030.4
1292236500  8.8 57 1030.4
1292236560  8.8 57 1030.5
1292236620  8.8 57 1030.5
1292236680  8.8 57 1030.5
1292236740  8.8 57 1030.5
1292236800  8.8 57 1030.3
1292236860  8.8 57 1030.4
1292236920  8.8 57 1030.4
1292236980  8.8 57 1030.3
1292237040  8.9 57 1030.3
1292237100  8.9 57 1030.3
1292237160  8.8 57 1030.3
1292237220  8.8 57 1030.3
1292237280  8.8 57 1030.3
1292237340  8.8 57 1030.3
1292237400  8.8 57 1030.3
1292237460  8.8 57 1030.3
1292237520  8.8 57 1030.3
1292237580  8.8 57 1030.3
1292237640  8.8 57 1030.3
1292237700  8.9 57 1030.2
1292237760  8.9 57 1030.2
1292237820  8.8 57 1030.2
1292237880  8.8 57 1030.2
1292237940  8.8 57 1030.2
1292238000  8.9 57 1030.3
1292238060  8.8 57 1030.2
1292238120  8.8 57 1030.2
1292238180  8.8 57 1030.2
1292238240  8.8 57 1030.2
1292238300  8.8 57 1030.2
1292238360  8.8 57 1030.2
1292238420  8.8 57 1030.2
1292238480  8.8 57 1030.2
1292238540  8.8 57 1030.2
1292238600  8.8 57 1030.2
1292238660  8.8 57 1030.1
1292238720  8.9 57 1030.1
1292238780  8.8 57 1030.1
1292238840  8.9 57 1030.1
1292238900  8.8 57 1030.2
1292238960  8.8 57 1030.1
1292239020  8.8 57 1030.1
1292239080  8.8 57 1030.1
1292239140  8.8 57 1030.1
1292239200  8.8 57 1030.1
1292239260  8.8 57 1030.1
1292239320  8.8 57 1030.1
1292239380  8.8 57 1030.1
1292239440  8.8 57 1030.1
1292239500  8.8 57 1030.1
1292239560  8.8 57 1030.1
1292239620  8.9 57 1030.1
1292239680  8.9 57 1030.1
1292239740  8.9 57 1030.1
1292239800  8.8 57 1030.1
1292239860  8.9 57 1030.1
1292239920  8.9 57 1030.2
1292239980  8.8 57 1030.1
1292240040  8.8 57 1030.1
1292240100  8.9 57 1030.1
1292240160  8.8 57 1030.1
1292240220  8.8 57 1030.1
1292240280  8.9 57 1030.1
1292240340  8.9 57 1030.1
1292240400  8.9 57 1030.0
1292240460  8.9 57 1030.1
1292240520  8.9 57 1030.1
1292240580  8.9 57 1030.1
1292240640  8.9 57 1030.1
1292240700  8.9 57 1030.1
1292240760  8.8 57 1030.1
1292240820  8.9 57 1030.1
1292240880  8.9 57 1030.1
1292240940  8.9 57 1030.1
1292241000  8.9 58 1030.0
1292241060  8.9 58 1030.0
1292241120  8.9 57 1030.0
1292241180  8.9 57 1030.1
1292241240  8.9 57 1030.0
1292241300  8.9 57 1030.1
1292241360  8.9 57 1030.0
1292241420  8.9 58 1030.0
1292241480  8.9 58 1030.0
1292241540  8.9 58 1030.0
1292241600  8.9 57 1030.0
1292241660  8.9 57 1029.8
1292241720  8.9 58 1029.9
1292241780  8.9 58 1029.9
1292241840  8.9 58 1029.9
1292241900  8.9 58 1029.8
1292241960  8.9 58 1029.8
1292242020  8.9 58 1029.8
1292242080  8.9 58 1029.8
1292242140  8.9 58 1029.8
1292242200  8.9 58 1029.8
1292242260  8.9 58 1029.8
1292242320  8.9 58 1029.9
1292242380  8.9 58 1029.8
1292242440  9.0 58 1029.8
1292242500  9.0 58 1029.8
1292242560  9.0 58 1029.7
1292242620  9.0 58 1029.8
1292242680  9.0 58 1029.8
1292242740  9.0 58 1029.8
1292242800  9.0 58 1029.8
1292242860  9.0 58 1029.9
1292242920  9.0 58 1029.8
1292242980  9.0 58 1029.8
1292243040  9.0 58 1029.8
1292243100  9.0 58 1029.8
1292243160  9.0 58 1029.8
1292243220  9.0 58 1029.7
1292243280  9.0 58 1029.7
1292243340  9.0 58 1029.7
1292243400  9.0 58 1029.8
1292243460  9.0 58 1029.8
1292243580  9.0 58 1029.8
1292243640  9.0 58 1029.9
1292243700  9.1 58 1029.9
1292243760  9.0 58 1029.8
1292243820  9.1 58 1029.9
1292243880  9.1 58 1029.9
1292243940  9.1 58 1029.8
1292244000  9.1 58 1029.8
1292244060  9.1 58 1029.8
1292244120  9.1 58 1029.9
1292244180  9.1 58 1029.9
1292244240  9.1 58 1029.9
1292244300  9.1 58 1029.9
1292244360  9.1 58 1029.9
1292244420  9.1 58 1029.9
1292244480  9.1 58 1029.9
1292244540  9.1 58 1029.8
1292244600  9.1 58 1029.9
1292244660  9.1 58 1029.9
1292244720  9.1 58 1029.9
1292244780  9.1 58 1029.8
1292244840  9.1 58 1029.9
1292244900  9.1 58 1029.9
1292244960  9.1 58 1029.8
1292245020  9.1 58 1029.9
1292245080  9.1 58 1029.9
1292245140  9.1 58 1029.9
1292245200  9.1 58 1029.9
1292245260  9.1 58 1029.9
1292245320  9.1 58 1029.9
1292245380  9.1 58 1029.8
1292245440  9.1 58 1029.8
1292245500  9.1 58 1029.8
1292245560  9.1 58 1029.7
1292245620  9.1 58 1029.7
1292245680  9.1 58 1029.6
1292245740  9.1 58 1029.7
1292245800  9.1 58 1029.7
1292245860  9.1 58 1029.7
1292245920  9.1 58 1029.7
1292245980  9.2 58 1029.6
1292246040  9.1 58 1029.6
1292246100  9.1 58 1029.6
1292246160  9.1 58 1029.5
1292246220  9.1 58 1029.5
1292246280  9.1 58 1029.5
1292246340  9.1 58 1029.5
1292246400  9.2 58 1029.5
1292246460  9.2 58 1029.5
1292246520  9.1 58 1029.5
1292246580  9.1 58 1029.4
1292246640  9.1 58 1029.5
1292246700  9.1 58 1029.5
1292246760  9.1 58 1029.4
1292246820  9.1 58 1029.5
1292246880  9.2 58 1029.5
1292246940  9.1 58 1029.6
1292247000  9.2 58 1029.6
1292247060  9.2 58 1029.6
1292247120  9.1 58 1029.4
1292247180  9.1 58 1029.4
1292247240  9.1 58 1029.3
1292247300  9.1 58 1029.3
1292247360  9.1 58 1029.4
1292247420  9.2 58 1029.5
1292247480  9.2 58 1029.5
1292247540  9.1 58 1029.4
1292247600  9.1 58 1029.4
1292247660  9.1 58 1029.4
1292247720  9.2 58 1029.4
1292247780  9.1 58 1029.3
1292247840  9.2 58 1029.3
1292247900  9.1 58 1029.4
1292247960  9.1 58 1029.3
1292248020  9.1 58 1029.5
1292248080  9.1 58 1029.5
1292248140  9.1 58 1029.5
1292248200  9.1 58 1029.5
1292248260  9.1 58 1029.5
1292248320  9.1 58 1029.5
1292248380  9.1 58 1029.5
1292248440  9.1 58 1029.5
1292248500  9.1 58 1029.5
1292248560  9.1 58 1029.6
1292248620  9.1 58 1029.5
1292248680  9.1 58 1029.4
1292248740  9.1 58 1029.5
1292248800  9.1 58 1029.5
1292248860  9.1 58 1029.5
1292248920  9.1 58 1029.5
1292248980  9.1 58 1029.6
1292249040  9.1 58 1029.5
1292249100  9.1 58 1029.6
1292249160  9.1 58 1029.7
1292249220  9.1 58 1029.6
1292249280  9.1 58 1029.7
1292249340  9.1 58 1029.6
1292249400  9.1 58 1029.6
1292249460  9.1 58 1029.6
1292249520  9.1 58 1029.7
1292249580  9.1 58 1029.6
1292249640  9.1 58 1029.6
1292249700  9.1 58 1029.7
1292249760  9.1 58 1029.6
1292249820  9.1 58 1029.7
1292249880  9.1 58 1029.6
1292249940  9.1 58 1029.6
1292250000  9.1 58 1029.6
1292250060  9.1 58 1029.6
1292250120  9.1 58 1029.6
1292250180  9.1 58 1029.6
1292250240  9.1 58 1029.6
1292250300  9.1 58 1029.5
1292250360  9.1 58 1029.6
1292250420  9.1 58 1029.6
1292250480  9.1 58 1029.6
1292250540  9.1 58 1029.6
1292250600  9.1 58 1029.6
1292250660  9.1 58 1029.6
1292250720  9.1 58 1029.5
1292250780  9.1 58 1029.5
1292250840  9.1 58 1029.6
1292250900  9.1 58 1029.6
1292250960  9.1 58 1029.6
1292251020  9.1 58 1029.7
1292251080  9.1 58 1029.7
1292251140  9.1 58 1029.6
1292251200  9.1 58 1029.6
1292251260  9.1 58 1029.6
1292251320  9.1 58 1029.6
1292251380  9.1 58 1029.5
1292251440  9.1 58 1029.6
1292251500  9.1 58 1029.6
1292251560  9.1 58 1029.6
1292251620  9.1 58 1029.5
1292251680  9.1 58 1029.5
1292251740  9.1 58 1029.5
1292251800  9.1 58 1029.5
1292251860  9.1 58 1029.5
1292251920  9.1 58 1029.5
1292251980  9.1 58 1029.4
1292252040  9.1 58 1029.3
1292252100  9.1 58 1029.4
1292252160  9.1 58 1029.4
1292252220  9.1 58 1029.4
1292252280  9.1 58 1029.4
1292252340  9.1 58 1029.3
1292252400  9.1 58 1029.3
1292252460  9.1 58 1029.3
1292252520  9.0 58 1029.4
1292252580  9.1 58 1029.4
1292252640  9.1 58 1029.6
1292252700  9.1 58 1029.5
1292252760  9.1 58 1029.5
1292252880  9.1 58 1029.5
1292252940  9.1 58 1029.5
1292253000  9.0 58 1029.5
1292253060  9.0 58 1029.5
1292253120  9.1 58 1029.5
1292253180  9.1 58 1029.5
1292253240  9.1 58 1029.5
1292253300  9.1 58 1029.5
1292253360  9.1 58 1029.5
1292253420  9.1 58 1029.4
1292253480  9.1 58 1029.4
1292253540  9.1 58 1029.5
1292253600  9.1 58 1029.5
1292253660  9.0 58 1029.6
1292253720  9.1 58 1029.6
1292253780  9.1 58 1029.6
1292253840  9.1 58 1029.6
1292253900  9.1 58 1029.6
1292253960  9.1 58 1029.6
1292254020  9.0 58 1029.6
1292254080  9.0 58 1029.7
1292254140  9.1 58 1029.6
1292254200  9.1 58 1029.5
1292254260  9.0 58 1029.6
1292254320  9.0 58 1029.5
1292254380  9.0 58 1029.5
1292254440  9.0 58 1029.5
1292254500  9.0 58 1029.5
1292254560  9.1 58 1029.5
1292254620  9.1 58 1029.5
1292254680  9.0 58 1029.5
1292254740  9.0 58 1029.4
1292254800  9.1 58 1029.5
1292254860  9.0 58 1029.5
1292254920  9.0 58 1029.5
1292254980  9.0 58 1029.5
1292255040  9.0 58 1029.5
1292255100  9.0 58 1029.5
1292255160  9.0 58 1029.6
1292255220  9.0 58 1029.5
1292255280  9.0 58 1029.5
1292255340  9.0 58 1029.6
1292255400  9.0 58 1029.6
1292255460  9.0 58 1029.6
1292255520  9.0 58 1029.6
1292255580  9.0 58 1029.6
1292255640  9.0 58 1029.6
1292255700  9.0 58 1029.6
1292255760  9.0 58 1029.5
1292255820  9.0 58 1029.5
1292255880  9.0 58 1029.5
1292255940  9.0 58 1029.5
1292256000  9.0 58 1029.4
1292256060  9.0 58 1029.4
1292256120  9.0 58 1029.3
1292256180  9.0 58 1029.3
1292256240  9.0 58 1029.3
1292256300  9.0 58 1029.3
1292256360  9.0 58 1029.2
1292256420  9.0 58 1029.3
1292256480  9.0 58 1029.2
1292256540  9.0 58 1029.3
1292256600  9.0 58 1029.2
1292256660  9.0 58 1029.2
1292256720  9.0 58 1029.3
1292256780  9.0 58 1029.3
1292256840  9.0 58 1029.3
1292256900  9.0 58 1029.3
1292256960  9.0 58 1029.5
1292257020  9.0 58 1029.5
1292257080  9.0 58 1029.5
1292257140  9.0 58 1029.5
1292257200  9.0 58 1029.5
1292257260  9.0 58 1029.6
1292257320  9.0 58 1029.6
1292257380  9.0 58 1029.6
1292257440  9.0 58 1029.6
1292257500  9.0 58 1029.5
1292257560  9.0 58 1029.5
1292257620  9.0 58 1029.6
1292257680  9.0 58 1029.6
1292257740  9.0 58 1029.6
1292257800  9.0 58 1029.7
1292257860  9.0 58 1029.6
1292257920  9.0 58 1029.7
1292257980  9.0 58 1029.7
1292258040  9.0 58 1029.7
1292258100  9.0 58 1029.7
1292258160  9.0 58 1029.6
1292258220  9.0 58 1029.7
1292258280  9.0 58 1029.7
1292258340  9.0 58 1029.7
1292258400  9.0 58 1029.7
1292258460  9.0 58 1029.6
1292258520  9.0 58 1029.7
1292258580  9.0 58 1029.7
1292258640  9.0 58 1029.7
1292258700  9.0 58 1029.7
1292258760  9.0 58 1029.7
1292258820  9.0 58 1029.7
1292258880  9.0 58 1029.6
1292259000  9.0 58 1029.7
1292259060  9.0 58 1029.7
1292259120  9.0 58 1029.7
1292259180  9.0 58 1029.6
1292259240  9.0 58 1029.6
1292259300  9.0 58 1029.6
1292259360  9.0 58 1029.4
1292259420  9.0 58 1029.5
1292259480  9.0 58 1029.4
1292259540  9.0 58 1029.4
1292259600  9.0 58 1029.5
1292259660  9.0 58 1029.5
1292259720  9.0 58 1029.5
1292259780  9.0 58 1029.5
1292259840  9.0 58 1029.5
1292259900  9.0 58 1029.5
1292259960  9.0 58 1029.5
1292260020  9.0 58 1029.6
1292260080  9.0 58 1029.5
1292260140  9.0 58 1029.5
1292260200  9.0 58 1029.6
1292260260  9.0 58 1029.6
1292260320  9.0 58 1029.6
1292260380  9.0 58 1029.6
1292260440  9.0 58 1029.6
1292260500  9.0 58 1029.6
1292260620  9.0 58 1029.6
1292260680  9.0 58 1029.6
1292260740  9.0 58 1029.6
1292260800  9.0 58 1029.6
1292260860  9.0 58 1029.6
1292260920  9.0 58 1029.6
1292260980  9.0 58 1029.6
1292261040  9.0 58 1029.6
1292261100  9.0 58 1029.6
1292261160  9.0 58 1029.6
1292261220  9.0 58 1029.5
1292261280  9.0 58 1029.5
1292261340  9.0 58 1029.6
1292261400  9.0 58 1029.6
1292261460  9.0 58 1029.6
1292261520  9.0 58 1029.5
1292261580  9.0 58 1029.5
1292261640  9.0 58 1029.5
1292261700  9.0 58 1029.5
1292261760  9.0 58 1029.6
1292261820  9.0 58 1029.6
1292261880  9.0 58 1029.6
1292261940  9.0 58 1029.6
1292262000  9.0 58 1029.5
1292262060  9.0 58 1029.6
1292262120  9.0 58 1029.6
1292262180  9.0 58 1029.6
1292262240  9.0 58 1029.6
1292262300  9.0 58 1029.6
1292262360  9.0 58 1029.5
1292262420  9.0 58 1029.5
1292262480  9.0 58 1029.5
1292262540  9.0 58 1029.6
1292262600  9.0 58 1029.5
1292262660  9.0 58 1029.5
1292262720  8.9 58 1029.5
1292262780  9.0 58 1029.5
1292262840  9.0 58 1029.5
1292262900  9.0 58 1029.6
1292262960  9.0 58 1029.6
1292263020  9.0 58 1029.5
1292263080  9.0 58 1029.6
1292263140  9.0 58 1029.5
1292263200  9.0 58 1029.6
1292263260  9.0 58 1029.6
1292263320  9.0 58 1029.6
1292263380  8.9 58 1029.5
1292263440  8.9 58 1029.5
1292263500  8.9 58 1029.5
1292263560  8.9 58 1029.5
1292263620  8.9 58 1029.6
1292263680  8.9 58 1029.4
1292263740  8.9 58 1029.5
1292263800  8.9 58 1029.5
1292263860  8.9 58 1029.5
1292263920  9.0 58 1029.5
1292263980  9.0 58 1029.5
1292264040  8.9 58 1029.5
1292264100  8.9 58 1029.5
1292264160  8.9 58 1029.5
1292264280  8.9 58 1029.5
1292264340  8.9 58 1029.5
1292264460  9.0 58 1029.6
1292264520  8.9 58 1029.6
1292264580  8.9 58 1029.5
1292264640  8.9 58 1029.5
1292264700  8.9 58 1029.6
1292264760  8.9 58 1029.6
1292264820  8.9 58 1029.6
1292264880  8.9 58 1029.6
1292264940  8.9 58 1029.6
1292265000  8.9 58 1029.6
1292265060  8.9 58 1029.6
1292265120  8.9 58 1029.6
1292265180  8.9 58 1029.6
1292265240  8.9 58 1029.6
1292265300  8.9 58 1029.6
1292265360  8.9 58 1029.6
1292265420  8.9 58 1029.7
1292265480  8.9 58 1029.7
1292265540  8.9 58 1029.7
1292265600  8.9 58 1029.6
1292265660  8.9 58 1029.6
1292265720  8.9 58 1029.7
1292265780  8.9 58 1029.6
1292265840  8.9 58 1029.6
1292265900  8.9 58 1029.6
1292265960  8.9 58 1029.6
1292266020  8.9 58 1029.6
1292266080  8.9 58 1029.6
1292266140  8.9 58 1029.6
1292266200  8.9 58 1029.6
1292266260  8.9 58 1029.6
1292266320  8.9 58 1029.6
1292266380  8.9 58 1029.6
1292266440  8.9 58 1029.7
1292266500  8.9 58 1029.6
1292266560  8.9 58 1029.6
1292266620  8.9 58 1029.6
1292266680  8.9 58 1029.6
1292266740  8.9 58 1029.6
1292266800  8.9 58 1029.6
1292266860  8.9 58 1029.6
1292266920  8.9 58 1029.6
1292266980  8.9 58 1029.6
1292267040  8.9 58 1029.6
1292267100  8.9 58 1029.6
1292267160  8.9 58 1029.6
1292267220  8.9 58 1029.6
1292267280  8.9 58 1029.6
1292267340  8.9 58 1029.6
1292267400  8.9 58 1029.6
1292267460  8.9 58 1029.6
1292267520  8.9 58 1029.6
1292267580  8.9 58 1029.6
1292267640  8.9 58 1029.6
1292267700  8.9 58 1029.6
1292267760  8.9 58 1029.6
1292267940  8.9 58 1029.6
1292268000  8.9 58 1029.6
1292268060  8.9 58 1029.6
1292268120  8.9 58 1029.6
1292268180  8.9 58 1029.6
1292268240  8.9 58 1029.6
1292268300  8.9 58 1029.6
1292268360  8.9 58 1029.6
1292268420  8.9 58 1029.6
1292268480  8.9 58 1029.6
1292268540  8.9 58 1029.6
1292268600  8.9 58 1029.6
1292268660  8.9 58 1029.6
1292268720  8.9 58 1029.6
1292268780  8.9 58 1029.7
1292268840  8.9 58 1029.6
1292268900  8.9 58 1029.7
1292268960  8.9 58 1029.7
1292269020  8.9 58 1029.7
1292269080  8.9 58 1029.7
1292269140  8.9 58 1029.7
1292269200  8.9 58 1029.6
1292269260  8.9 58 1029.7
1292269320  8.9 58 1029.7
1292269380  8.9 58 1029.7
1292269440  8.9 58 1029.7
1292269500  8.9 58 1029.6
1292269560  8.9 58 1029.6
1292269620  8.9 58 1029.6
1292269680  8.9 58 1029.7
1292269740  8.9 58 1029.7
1292269800  8.9 58 1029.7
1292269860  8.9 58 1029.6
1292269920  8.9 58 1029.6
1292269980  8.9 58 1029.7
1292270040  8.9 58 1029.7
1292270100  8.9 58 1029.7
1292270160  8.9 58 1029.7
1292270220  8.9 58 1029.7
1292270280  8.9 58 1029.7
1292270340  8.9 58 1029.7
1292270400  8.9 58 1029.6
1292270460  8.9 58 1029.7
1292270580  8.9 58 1029.8
1292270640  8.8 58 1029.8
1292270700  8.9 58 1029.8
1292270760  8.9 58 1029.8
1292270820  8.9 58 1029.8
1292270880  8.8 58 1029.8
1292270940  8.8 58 1029.7
1292271000  8.9 58 1029.7
1292271060  8.8 58 1029.8
1292271120  8.9 58 1029.7
1292271180  8.9 58 1029.7
1292271240  8.8 58 1029.7
1292271300  8.9 58 1029.8
1292271360  8.9 58 1029.8
1292271540  8.9 58 1029.8
1292271600  8.8 58 1029.8
1292271660  8.9 58 1029.9
1292271720  8.9 58 1029.7
1292271780  8.9 58 1029.9
1292271840  8.9 58 1029.8
1292271900  8.9 58 1029.9
1292271960  8.9 58 1029.9
1292272020  8.9 58 1029.9
1292272080  8.9 58 1030.0
1292272140  8.9 58 1030.0
1292272200  8.9 58 1030.0
1292272260  8.9 58 1030.0
1292272320  8.9 58 1029.9
1292272380  8.9 58 1029.9
1292272440  8.8 58 1029.9
1292272500  8.9 58 1029.9
1292272560  8.9 58 1029.9
1292272620  8.9 58 1029.9
1292272680  8.9 58 1030.0
1292272740  8.9 58 1030.0
1292272800  8.9 58 1030.0
1292272860  8.9 58 1030.0
1292272920  8.9 58 1030.0
1292272980  8.9 58 1030.0
1292273040  8.9 58 1030.0
1292273100  8.9 58 1030.0
1292273160  8.9 58 1030.0
1292273220  8.8 58 1030.0
1292273280  8.8 58 1030.0
1292273340  8.8 58 1030.0
1292273400  8.8 58 1030.1
1292273460  8.8 58 1030.0
1292273520  8.8 58 1030.0
1292273580  8.8 58 1030.1
1292273640  8.9 58 1030.0
1292273700  8.8 58 1030.0
1292273760  8.9 58 1030.0
1292273820  8.9 58 1030.0
1292273880  8.9 58 1030.0
1292273940  8.9 58 1030.0
1292274000  8.8 58 1030.0
1292274060  8.8 58 1030.0
1292274120  8.8 58 1030.0
1292274180  8.8 58 1030.0
1292274240  8.8 58 1030.0
1292274300  8.8 58 1030.0
1292274360  8.8 58 1030.0
1292274420  8.8 58 1030.0
1292274480  8.8 58 1030.0
1292274540  8.8 58 1030.0
1292274600  8.8 58 1030.0
1292274660  8.8 58 1029.9
1292274720  8.8 58 1030.0
1292274780  8.8 58 1030.0
1292274840  8.8 58 1030.0
1292274900  8.8 58 1030.1
1292275020  8.8 58 1030.1
1292275080  8.8 58 1030.1
1292275140  8.8 58 1030.1
1292275200  8.8 58 1030.0
1292275260  8.8 58 1030.1
1292275320  8.8 58 1030.0
1292275380  8.8 58 1030.0
1292275440  8.8 58 1029.9
1292275500  8.8 58 1030.0
1292275560  8.8 58 1030.1
1292275620  8.8 58 1030.1
1292275680  8.8 58 1030.1
1292275740  8.8 58 1030.1
1292275800  8.8 58 1030.0
1292275860  8.8 58 1030.1
1292275920  8.8 58 1030.1
1292275980  8.8 58 1030.1
1292276040  8.8 58 1030.1
1292276100  8.8 58 1030.1
1292276160  8.8 58 1030.1
1292276220  8.8 58 1030.1
1292276280  8.8 58 1030.1
1292276340  8.8 58 1030.1
1292276400  8.8 58 1030.0
1292276460  8.8 58 1030.0
1292276520  8.8 58 1030.1
1292276640  8.8 58 1030.1
1292276700  8.8 58 1030.1
1292276760  8.8 58 1030.1
1292276820  8.8 58 1030.1
1292276880  8.8 58 1030.1
1292276940  8.8 58 1030.1
1292277000  8.8 58 1030.1
1292277060  8.8 58 1030.1
1292277120  8.8 58 1030.0
1292277180  8.8 58 1030.1
1292277240  8.8 58 1030.0
1292277300  8.8 58 1030.1
1292277360  8.8 58 1030.1
1292277420  8.8 58 1030.1
1292277480  8.8 58 1030.1
1292277540  8.8 58 1030.1
1292277600  8.8 58 1030.0
1292277660  8.8 58 1030.1
1292277720  8.8 58 1030.0
1292277780  8.8 58 1030.0
1292277840  8.8 58 1030.1
1292277900  8.8 58 1030.1
1292277960  8.8 58 1030.1
1292278020  8.8 58 1030.1
1292278080  8.8 58 1030.1
1292278140  8.8 58 1030.1
1292278200  8.8 58 1030.1
1292278260  8.8 58 1030.2
1292278320  8.8 58 1030.1
1292278380  8.8 58 1030.1
1292278440  8.8 58 1030.1
1292278500  8.8 58 1030.2
1292278560  8.8 58 1030.2
1292278620  8.8 58 1030.1
1292278680  8.8 58 1030.1
1292278740  8.8 58 1030.1
1292278800  8.8 58 1030.1
1292278860  8.8 58 1030.1
1292278920  8.8 58 1030.1
1292278980  8.8 58 1030.1
1292279040  8.8 58 1030.1
1292279100  8.8 58 1030.1
1292279160  8.8 58 1030.1
1292279220  8.8 58 1030.1
1292279280  8.8 58 1030.2
1292279340  8.8 58 1030.2
1292279400  8.8 58 1030.1
1292279460  8.8 58 1030.2
1292279520  8.8 58 1030.1
1292279580  8.8 58 1030.1
1292279640  8.8 58 1030.1
1292279700  8.8 58 1030.2
1292279760  8.8 58 1030.1
1292279820  8.8 58 1030.2
1292279880  8.8 58 1030.2
1292279940  8.8 58 1030.2
1292280000  8.8 58 1030.2
1292280060  8.8 58 1030.2
1292280120  8.8 58 1030.1
1292280180  8.8 58 1030.2
1292280240  8.8 58 1030.2
1292280300  8.8 58 1030.1
1292280360  8.8 58 1030.2
1292280420  8.8 58 1030.2
1292280480  8.8 58 1030.2
1292280540  8.8 58 1030.2
1292280600  8.8 58 1030.2
1292280660  8.8 58 1030.2
1292280720  8.8 58 1030.2
1292280780  8.8 58 1030.1
1292280840  8.8 58 1030.2
1292280900  8.8 58 1030.2
1292280960  8.8 58 1030.2
1292281020  8.8 58 1030.1
1292281080  8.8 58 1030.1
1292281140  8.8 58 1030.1
1292281200  8.8 58 1030.2
1292281260  8.8 58 1030.2
1292281320  8.8 58 1030.2
1292281380  8.8 58 1030.2
1292281440  8.8 58 1030.2
1292281500  8.8 58 1030.1
1292281560  8.8 58 1030.1
1292281620  8.8 58 1030.1
1292281680  8.8 58 1030.1
1292281740  8.8 58 1030.1
1292281800  8.8 58 1030.1
1292281860  8.8 58 1030.1
1292281920  8.8 58 1030.2
1292281980  8.8 58 1030.1
1292282040  8.8 58 1030.1
1292282100  8.8 58 1030.2
1292282160  8.8 58 1030.1
1292282220  8.8 58 1030.1
1292282280  8.8 58 1030.1
1292282340  8.8 58 1030.1
1292282400  8.8 58 1030.1
1292282460  8.8 58 1030.1
1292282520  8.8 58 1030.2
1292282580  8.8 58 1030.1
1292282640  8.8 58 1030.2
1292282700  8.8 58 1030.1
1292282760  8.8 58 1030.1
1292282820  8.8 58 1030.2
1292282880  8.8 58 1030.2
1292282940  8.8 58 1030.1
1292283000  8.8 58 1030.2
1292283060  8.8 58 1030.2
1292283120  8.8 58 1030.2
1292283180  8.8 58 1030.2
1292283240  8.8 58 1030.2
1292283300  8.8 58 1030.1
1292283360  8.8 58 1030.2
1292283420  8.8 58 1030.2
1292283480  8.8 58 1030.2
1292283540  8.8 58 1030.2
1292283600  8.8 58 1030.2
1292283660  8.8 58 1030.2
1292283720  8.8 58 1030.2
1292283780  8.8 58 1030.2
1292283840  8.8 58 1030.2
1292283900  8.8 58 1030.2
1292283960  8.8 58 1030.2
1292284020  8.8 58 1030.1
1292284080  8.8 58 1030.1
1292284140  8.8 58 1030.2
1292284200  8.8 58 1030.2
1292284260  8.8 58 1030.2
1292284320  8.8 58 1030.1
1292284380  8.8 58 1030.2
1292284440  8.8 58 1030.2
1292284500  8.8 58 1030.2
1292284560  8.8 58 1030.2
1292284620  8.8 58 1030.1
1292284680  8.8 58 1030.1
1292284740  8.8 58 1030.2
