1291593600  7.6 58 1006.4
1291593660  7.6 58 1006.4
1291593720  7.6 58 1006.4
1291593780  7.6 58 1006.4
1291593840  7.5 58 1006.4
1291593900  7.5 58 1006.3
1291593960  7.6 58 1006.4
1291594020  7.5 58 1006.4
1291594080  7.5 58 1006.4
1291594140  7.6 58 1006.5
1291594200  7.6 58 1006.5
1291594260  7.6 58 1006.4
1291594320  7.5 58 1006.3
1291594380  7.5 58 1006.3
1291594440  7.5 58 1006.3
1291594500  7.6 58 1006.3
1291594560  7.6 58 1006.4
1291594620  7.6 58 1006.4
1291594680  7.6 58 1006.3
1291594740  7.6 58 1006.3
1291594800  7.6 58 1006.2
1291594860  7.6 58 1006.1
1291594920  7.6 58 1006.1
1291594980  7.6 58 1006.1
1291595040  7.6 58 1006.1
1291595100  7.6 58 1006.1
1291595160  7.5 58 1006.0
1291595220  7.6 58 1006.0
1291595280  7.5 58 1006.1
1291595340  7.6 58 1006.2
1291595400  7.6 58 1006.2
1291595460  7.6 58 1006.2
1291595520  7.6 58 1006.2
1291595580  7.6 58 1006.2
1291595640  7.6 58 1006.2
1291595700  7.6 58 1006.2
1291595760  7.6 58 1006.1
1291595820  7.6 58 1006.1
1291595880  7.6 58 1006.0
1291595940  7.6 58 1006.0
1291596000  7.6 58 1006.0
1291596060  7.6 58 1006.0
1291596120  7.6 58 1006.0
1291596180  7.6 58 1006.0
1291596240  7.6 58 1006.0
1291596300  7.6 58 1006.0
1291596360  7.6 58 1006.0
1291596420  7.6 58 1006.0
1291596480  7.6 58 1006.0
1291596540  7.5 58 1006.0
1291596600  7.6 58 1006.0
1291596660  7.5 58 1006.0
1291596720  7.6 58 1006.1
1291596780  7.6 58 1006.1
1291596840  7.6 58 1006.1
1291596900  7.6 58 1006.0
1291596960  7.5 58 1006.0
1291597020  7.5 58 1006.0
1291597080  7.5 58 1006.0
1291597140  7.6 58 1006.0
1291597200  7.5 58 1006.0
1291597320  7.5 58 1005.9
1291597380  7.5 58 1005.9
1291597440  7.5 58 1005.9
1291597500  7.5 58 1005.9
1291597560  7.5 58 1005.9
1291597620  7.5 58 1005.9
1291597680  7.5 58 1005.9
1291597740  7.5 58 1005.9
1291597800  7.5 58 1005.9
1291597860  7.5 58 1005.9
1291597920  7.5 58 1005.8
1291597980  7.5 58 1005.8
1291598040  7.5 58 1005.8
1291598100  7.5 58 1005.8
1291598160  7.5 58 1005.7
1291598220  7.5 58 1005.7
1291598280  7.5 58 1005.8
1291598340  7.5 58 1005.7
1291598400  7.5 58 1005.8
1291598460  7.5 58 1005.7
1291598520  7.5 58 1005.8
1291598580  7.5 58 1005.8
1291598640  7.5 58 1005.8
1291598700  7.5 58 1005.7
1291598760  7.5 58 1005.6
1291598820  7.5 58 1005.6
1291598880  7.5 58 1005.6
1291598940  7.5 58 1005.6
1291599000  7.5 58 1005.7
1291599060  7.5 58 1005.6
1291599120  7.5 58 1005.6
1291599180  7.5 58 1005.6
1291599240  7.5 58 1005.6
1291599300  7.5 58 1005.6
1291599360  7.5 58 1005.6
1291599420  7.5 58 1005.6
1291599480  7.5 58 1005.6
1291599540  7.5 58 1005.5
1291599600  7.5 58 1005.6
1291599660  7.5 58 1005.6
1291599720  7.5 58 1005.6
1291599780  7.5 58 1005.6
1291599840  7.5 58 1005.6
1291599900  7.5 58 1005.6
1291599960  7.5 58 1005.6
1291600020  7.5 58 1005.6
1291600080  7.5 58 1005.6
1291600140  7.5 58 1005.6
1291600200  7.5 58 1005.5
1291600260  7.5 58 1005.5
1291600320  7.5 58 1005.5
1291600380  7.5 58 1005.5
1291600440  7.5 58 1005.5
1291600500  7.5 58 1005.5
1291600560  7.5 58 1005.5
1291600620  7.5 58 1005.5
1291600680  7.5 58 1005.5
1291600740  7.5 58 1005.6
1291600800  7.5 58 1005.5
1291600860  7.5 58 1005.5
1291600920  7.5 58 1005.4
1291600980  7.5 58 1005.5
1291601040  7.5 58 1005.5
1291601100  7.4 58 1005.5
1291601160  7.4 58 1005.5
1291601220  7.5 58 1005.5
1291601280  7.4 58 1005.5
1291601340  7.5 58 1005.5
1291601400  7.5 58 1005.5
1291601460  7.5 57 1005.5
1291601520  7.4 58 1005.5
1291601580  7.4 57 1005.5
1291601640  7.5 57 1005.4
1291601700  7.4 57 1005.4
1291601760  7.4 57 1005.4
1291601820  7.4 58 1005.5
1291601880  7.5 58 1005.6
1291601940  7.4 57 1005.5
1291602000  7.4 58 1005.6
1291602060  7.5 57 1005.5
1291602120  7.4 57 1005.5
1291602180  7.4 58 1005.5
1291602240  7.5 57 1005.5
1291602300  7.4 57 1005.5
1291602360  7.4 57 1005.5
1291602420  7.4 57 1005.5
1291602480  7.4 57 1005.4
1291602540  7.4 57 1005.4
1291602660  7.4 57 1005.5
1291602720  7.4 57 1005.5
1291602780  7.4 57 1005.4
1291602840  7.4 57 1005.4
1291602900  7.4 57 1005.4
1291602960  7.4 57 1005.4
1291603020  7.4 57 1005.4
1291603080  7.4 57 1005.4
1291603140  7.4 57 1005.5
1291603200  7.4 57 1005.5
1291603260  7.4 57 1005.5
1291603320  7.4 57 1005.5
1291603380  7.4 57 1005.5
1291603440  7.4 57 1005.6
1291603500  7.4 57 1005.6
1291603560  7.4 57 1005.6
1291603620  7.4 57 1005.6
1291603680  7.4 57 1005.5
1291603740  7.4 57 1005.5
1291603800  7.4 57 1005.5
1291603860  7.4 57 1005.6
1291603920  7.4 57 1005.5
1291603980  7.4 57 1005.5
1291604040  7.4 57 1005.5
1291604100  7.4 57 1005.5
1291604160  7.4 57 1005.5
1291604220  7.4 57 1005.5
1291604280  7.4 57 1005.4
1291604340  7.4 57 1005.4
1291604400  7.4 57 1005.4
1291604460  7.4 57 1005.4
1291604520  7.4 57 1005.5
1291604580  7.4 57 1005.4
1291604640  7.4 57 1005.4
1291604700  7.4 57 1005.4
1291604760  7.4 57 1005.4
1291604820  7.4 57 1005.4
1291604880  7.4 57 1005.4
1291604940  7.4 57 1005.4
1291605000  7.4 57 1005.4
1291605060  7.4 57 1005.3
1291605120  7.4 57 1005.3
1291605180  7.4 57 1005.4
1291605240  7.4 57 1005.4
1291605300  7.4 57 1005.4
1291605360  7.4 57 1005.4
1291605420  7.4 57 1005.4
1291605480  7.4 57 1005.4
1291605540  7.4 57 1005.3
1291605600  7.4 57 1005.4
1291605660  7.4 57 1005.3
1291605720  7.4 57 1005.4
1291605780  7.4 57 1005.3
1291605840  7.4 57 1005.2
1291605900  7.4 57 1005.3
1291605960  7.4 57 1005.3
1291606020  7.4 57 1005.3
1291606080  7.4 57 1005.3
1291606140  7.4 57 1005.3
1291606200  7.4 57 1005.3
1291606260  7.3 57 1005.4
1291606320  7.3 57 1005.3
1291606380  7.4 57 1005.4
1291606440  7.3 57 1005.2
1291606500  7.4 57 1005.3
1291606560  7.4 57 1005.3
1291606620  7.4 57 1005.3
1291606680  7.3 57 1005.2
1291606740  7.3 57 1005.2
1291606800  7.3 57 1005.1
1291606860  7.4 57 1005.1
1291606920  7.4 57 1005.2
1291606980  7.3 57 1005.1
1291607040  7.3 57 1005.2
1291607100  7.3 57 1005.2
1291607160  7.3 57 1005.2
1291607220  7.3 57 1005.1
1291607280  7.3 57 1005.1
1291607340  7.4 57 1005.1
1291607400  7.3 57 1005.2
1291607460  7.4 57 1005.2
1291607520  7.3 57 1005.1
1291607580  7.3 57 1005.1
1291607640  7.3 57 1005.1
1291607700  7.3 57 1005.1
1291607760  7.3 57 1005.1
1291607820  7.3 57 1005.1
1291607880  7.3 57 1005.1
1291607940  7.3 57 1005.2
1291608000  7.3 57 1005.2
1291608060  7.3 57 1005.1
1291608120  7.3 57 1005.3
1291608180  7.3 57 1005.2
1291608240  7.3 57 1005.2
1291608300  7.3 57 1005.3
1291608360  7.3 57 1005.3
1291608420  7.3 57 1005.3
1291608480  7.3 57 1005.3
1291608540  7.3 57 1005.3
1291608600  7.3 57 1005.2
1291608660  7.3 57 1005.3
1291608720  7.3 57 1005.2
1291608780  7.3 57 1005.2
1291608840  7.3 57 1005.2
1291608900  7.3 57 1005.2
1291608960  7.3 57 1005.2
1291609020  7.3 57 1005.2
1291609080  7.3 57 1005.3
1291609140  7.3 57 1005.3
1291609200  7.3 57 1005.3
1291609260  7.3 57 1005.3
1291609320  7.3 57 1005.3
1291609380  7.3 57 1005.3
1291609440  7.3 57 1005.3
1291609500  7.3 57 1005.3
1291609560  7.3 57 1005.3
1291609620  7.3 57 1005.3
1291609680  7.3 57 1005.3
1291609740  7.3 57 1005.3
1291609800  7.3 57 1005.3
1291609860  7.3 57 1005.4
1291609920  7.3 57 1005.4
1291609980  7.3 57 1005.3
1291610040  7.3 57 1005.3
1291610100  7.3 57 1005.3
1291610160  7.3 57 1005.3
1291610220  7.3 57 1005.3
1291610280  7.3 57 1005.3
1291610340  7.3 57 1005.3
1291610400  7.3 57 1005.2
1291610460  7.3 57 1005.2
1291610520  7.3 57 1005.1
1291610580  7.3 57 1005.2
1291610640  7.3 57 1005.1
1291610700  7.3 57 1005.2
1291610760  7.3 57 1005.2
1291610820  7.3 57 1005.1
1291610880  7.3 57 1005.1
1291610940  7.3 57 1005.1
1291611000  7.3 57 1005.1
1291611060  7.3 57 1005.1
1291611120  7.3 57 1005.1
1291611180  7.3 57 1005.1
1291611240  7.3 57 1005.2
1291611300  7.3 57 1005.1
1291611360  7.3 57 1005.1
1291611420  7.3 57 1005.1
1291611480  7.3 57 1005.1
1291611540  7.3 57 1005.1
1291611600  7.3 57 1005.1
1291611660  7.3 57 1005.0
1291611720  7.3 57 1005.0
1291611780  7.3 57 1005.0
1291611840  7.3 57 1005.0
1291611900  7.3 57 1005.1
1291611960  7.3 57 1005.0
1291612020  7.3 57 1005.0
1291612080  7.3 57 1005.0
1291612140  7.3 57 1005.0
1291612200  7.3 57 1004.9
1291612260  7.2 57 1005.0
1291612320  7.2 57 1005.0
1291612380  7.2 57 1005.0
1291612440  7.2 57 1005.0
1291612500  7.2 57 1005.0
1291612560  7.2 57 1005.0
1291612620  7.3 57 1005.0
1291612680  7.3 57 1005.0
1291612740  7.2 57 1005.0
1291612800  7.2 57 1004.9
1291612860  7.2 57 1005.0
1291612920  7.2 57 1005.0
1291612980  7.3 57 1005.0
1291613040  7.2 57 1005.0
1291613100  7.2 57 1005.0
1291613160  7.2 57 1005.0
1291613220  7.2 57 1005.0
1291613280  7.2 57 1005.0
1291613340  7.3 57 1005.0
1291613400  7.2 57 1005.1
1291613460  7.2 57 1005.0
1291613520  7.2 57 1005.0
1291613580  7.3 57 1005.0
1291613640  7.3 57 1005.0
1291613700  7.3 57 1005.0
1291613760  7.2 57 1005.0
1291613820  7.2 57 1005.1
1291613880  7.2 57 1005.1
1291613940  7.2 57 1005.1
1291614000  7.2 57 1005.0
1291614060  7.2 57 1005.0
1291614120  7.2 57 1005.1
1291614180  7.2 57 1004.9
1291614240  7.2 57 1005.0
1291614300  7.2 57 1005.2
1291614360  7.2 57 1005.1
1291614420  7.2 57 1005.2
1291614480  7.2 57 1005.2
1291614540  7.2 57 1005.2
1291614600  7.2 57 1005.2
1291614660  7.2 57 1005.1
1291614720  7.3 57 1005.1
1291614780  7.2 57 1005.1
1291614840  7.2 57 1005.2
1291614900  7.2 57 1005.0
1291614960  7.2 57 1005.0
1291615020  7.2 57 1005.0
1291615080  7.2 57 1005.0
1291615140  7.2 57 1005.0
1291615200  7.2 57 1004.9
1291615260  7.2 57 1005.0
1291615320  7.2 57 1004.9
1291615380  7.2 57 1004.9
1291615440  7.2 57 1004.9
1291615500  7.2 57 1005.0
1291615560  7.2 57 1005.0
1291615620  7.2 57 1005.0
1291615680  7.2 57 1005.0
1291615740  7.2 57 1005.0
1291615800  7.2 57 1004.9
1291615860  7.2 57 1004.9
1291615920  7.2 57 1005.0
1291615980  7.2 57 1004.9
1291616040  7.2 57 1005.0
1291616100  7.2 57 1004.9
1291616160  7.2 57 1005.0
1291616220  7.2 57 1005.0
1291616280  7.2 57 1005.0
1291616340  7.2 57 1005.0
1291616400  7.2 57 1005.0
1291616460  7.2 57 1005.0
1291616520  7.2 57 1005.0
1291616580  7.2 57 1004.9
1291616640  7.2 57 1004.9
1291616700  7.2 57 1004.9
1291616760  7.2 57 1004.9
1291616820  7.2 57 1005.0
1291616880  7.2 57 1005.0
1291616940  7.2 57 1005.0
1291617000  7.2 57 1005.0
1291617060  7.2 57 1004.9
1291617120  7.2 57 1004.9
1291617180  7.2 57 1004.9
1291617240  7.2 57 1004.9
1291617300  7.2 57 1004.9
1291617360  7.2 57 1005.0
1291617420  7.2 57 1004.9
1291617480  7.2 57 1004.9
1291617540  7.2 57 1004.9
1291617600  7.2 57 1005.0
1291617660  7.2 57 1005.0
1291617720  7.2 57 1005.0
1291617780  7.2 57 1005.1
1291617840  7.2 57 1005.0
1291617900  7.2 57 1005.1
1291617960  7.2 57 1005.0
1291618020  7.2 57 1005.0
1291618080  7.2 57 1005.0
1291618140  7.2 57 1005.0
1291618200  7.2 57 1005.0
1291618260  7.2 57 1005.0
1291618320  7.2 57 1005.0
1291618380  7.2 57 1005.0
1291618440  7.2 57 1005.0
1291618500  7.2 57 1005.0
1291618560  7.2 57 1004.9
1291618620  7.2 57 1004.9
1291618680  7.2 57 1004.9
1291618740  7.2 57 1004.9
1291618800  7.2 57 1004.9
1291618860  7.2 57 1004.9
1291618920  7.2 57 1004.9
1291618980  7.2 57 1004.9
1291619040  7.2 57 1004.9
1291619100  7.2 57 1004.9
1291619160  7.2 57 1004.9
1291619220  7.2 57 1004.9
1291619280  7.2 57 1004.9
1291619340  7.2 57 1004.9
1291619400  7.2 57 1004.9
1291619460  7.2 57 1004.9
1291619520  7.2 57 1004.9
1291619580  7.2 57 1004.9
1291619640  7.2 57 1004.8
1291619700  7.2 57 1004.8
1291619760  7.2 57 1004.8
1291619820  7.2 57 1004.8
1291619880  7.2 57 1004.8
1291619940  7.2 57 1004.9
1291620000  7.2 57 1004.9
1291620060  7.2 57 1004.9
1291620120  7.2 57 1004.8
1291620180  7.2 57 1004.8
1291620240  7.2 57 1004.9
1291620300  7.2 57 1004.8
1291620360  7.2 57 1004.8
1291620420  7.2 57 1004.8
1291620480  7.2 57 1004.8
1291620540  7.2 57 1004.8
1291620600  7.2 57 1004.8
1291620660  7.2 57 1004.8
1291620720  7.2 57 1004.8
1291620780  7.2 57 1004.8
1291620840  7.2 57 1004.9
1291620900  7.2 57 1004.9
1291620960  7.2 57 1004.8
1291621020  7.2 57 1004.9
1291621080  7.2 57 1004.8
1291621140  7.2 57 1004.9
1291621200  7.2 57 1004.9
1291621260  7.2 57 1004.9
1291621320  7.2 57 1005.0
1291621380  7.2 57 1005.0
1291621440  7.2 57 1005.0
1291621500  7.2 57 1005.1
1291621560  7.2 57 1005.0
1291621620  7.2 57 1005.0
1291621740  7.2 57 1005.1
1291621800  7.2 57 1005.1
1291621860  7.2 57 1005.1
1291621920  7.2 57 1005.1
1291621980  7.2 57 1005.1
1291622040  7.2 57 1005.0
1291622100  7.2 58 1005.0
1291622160  7.2 57 1005.1
1291622220  7.2 57 1005.1
1291622280  7.2 57 1005.1
1291622340  7.2 57 1005.1
1291622400  7.2 57 1005.1
1291622460  7.2 57 1005.1
1291622520  7.2 57 1005.1
1291622580  7.2 57 1005.1
1291622640  7.2 57 1005.1
1291622700  7.2 57 1005.1
1291622760  7.2 57 1005.1
1291622820  7.2 57 1005.1
1291622880  7.2 57 1005.1
1291622940  7.2 57 1005.1
1291623000  7.2 57 1005.1
1291623060  7.2 57 1005.1
1291623120  7.2 57 1005.1
1291623180  7.2 57 1005.2
1291623240  7.2 57 1005.2
1291623300  7.2 57 1005.2
1291623360  7.2 57 1005.1
1291623420  7.2 57 1005.2
1291623480  7.2 57 1005.2
1291623540  7.2 57 1005.2
1291623600  7.2 57 1005.2
1291623660  7.2 57 1005.2
1291623720  7.2 57 1005.2
1291623780  7.2 57 1005.4
1291623840  7.2 57 1005.3
1291623900  7.2 57 1005.3
1291623960  7.2 57 1005.4
1291624020  7.2 57 1005.4
1291624080  7.2 57 1005.3
1291624140  7.2 57 1005.3
1291624200  7.2 57 1005.3
1291624260  7.2 57 1005.3
1291624380  7.2 57 1005.3
1291624440  7.2 57 1005.3
1291624500  7.2 57 1005.3
1291624560  7.2 57 1005.4
1291624620  7.2 57 1005.3
1291624680  7.2 57 1005.3
1291624740  7.2 57 1005.3
1291624800  7.2 57 1005.3
1291624860  7.2 57 1005.3
1291624920  7.2 57 1005.4
1291624980  7.2 57 1005.3
1291625040  7.2 57 1005.3
1291625100  7.2 57 1005.3
1291625160  7.2 57 1005.3
1291625220  7.2 57 1005.4
1291625280  7.2 57 1005.4
1291625400  7.2 57 1005.4
1291625460  7.2 57 1005.4
1291625520  7.2 57 1005.4
1291625580  7.2 57 1005.3
1291625640  7.2 57 1005.4
1291625700  7.2 57 1005.3
1291625760  7.2 57 1005.3
1291625820  7.2 57 1005.3
1291625880  7.2 57 1005.3
1291625940  7.2 57 1005.3
1291626000  7.2 57 1005.3
1291626060  7.2 57 1005.3
1291626120  7.2 57 1005.3
1291626180  7.2 57 1005.2
1291626240  7.2 57 1005.2
1291626300  7.2 57 1005.3
1291626360  7.2 57 1005.2
1291626420  7.2 57 1005.2
1291626480  7.2 57 1005.2
1291626540  7.2 57 1005.1
1291626600  7.2 57 1005.3
1291626660  7.2 57 1005.3
1291626720  7.2 57 1005.3
1291626780  7.2 57 1005.2
1291626840  7.2 57 1005.2
1291626900  7.2 57 1005.3
1291626960  7.2 57 1005.3
1291627020  7.2 57 1005.3
1291627080  7.2 57 1005.2
1291627140  7.2 57 1005.3
1291627200  7.2 57 1005.3
1291627260  7.2 57 1005.3
1291627320  7.2 57 1005.2
1291627380  7.2 57 1005.3
1291627440  7.2 57 1005.2
1291627500  7.2 57 1005.3
1291627560  7.2 57 1005.2
1291627620  7.2 57 1005.3
1291627680  7.2 57 1005.2
1291627740  7.2 57 1005.2
1291627800  7.2 57 1005.2
1291627860  7.2 57 1005.2
1291627920  7.2 57 1005.2
1291627980  7.2 57 1005.2
1291628040  7.2 57 1005.2
1291628100  7.2 57 1005.2
1291628160  7.2 57 1005.3
1291628220  7.2 57 1005.2
1291628280  7.2 57 1005.2
1291628340  7.2 57 1005.2
1291628400  7.2 57 1005.2
1291628460  7.2 57 1005.2
1291628520  7.2 57 1005.2
1291628580  7.2 57 1005.2
1291628640  7.2 57 1005.2
1291628700  7.2 57 1005.2
1291628760  7.2 57 1005.2
1291628820  7.2 57 1005.2
1291628880  7.2 57 1005.2
1291628940  7.2 57 1005.2
1291629000  7.2 57 1005.2
1291629060  7.2 57 1005.2
1291629120  7.2 57 1005.2
1291629180  7.2 57 1005.1
1291629240  7.2 57 1005.2
1291629300  7.2 57 1005.1
1291629360  7.2 57 1005.2
1291629420  7.2 57 1005.1
1291629480  7.2 57 1005.1
1291629540  7.2 57 1005.1
1291629600  7.2 57 1005.2
1291629660  7.2 57 1005.1
1291629720  7.2 57 1005.1
1291629780  7.2 57 1005.1
1291629840  7.2 57 1005.0
1291629900  7.2 57 1005.1
1291629960  7.2 57 1005.1
1291630020  7.2 57 1005.1
1291630080  7.2 57 1005.1
1291630140  7.2 57 1005.1
1291630200  7.2 57 1005.1
1291630260  7.2 57 1005.1
1291630320  7.2 57 1005.1
1291630380  7.2 57 1005.1
1291630440  7.2 57 1005.1
1291630500  7.2 57 1005.1
1291630560  7.2 57 1005.1
1291630620  7.2 57 1005.1
1291630680  7.2 57 1005.1
1291630740  7.2 57 1005.1
1291630800  7.2 57 1005.1
1291630860  7.2 57 1005.1
1291630920  7.2 57 1005.1
1291630980  7.2 57 1005.1
1291631040  7.2 57 1005.1
1291631100  7.2 57 1005.1
1291631160  7.2 57 1005.1
1291631220  7.2 57 1005.1
1291631280  7.2 57 1005.1
1291631340  7.2 57 1005.1
1291631400  7.2 57 1005.1
1291631460  7.2 57 1005.1
1291631520  7.2 57 1005.1
1291631580  7.2 57 1005.1
1291631640  7.2 57 1005.1
1291631700  7.2 57 1005.1
1291631760  7.2 57 1005.2
1291631820  7.2 57 1005.2
1291631880  7.2 57 1005.1
1291631940  7.2 57 1005.1
1291632000  7.2 57 1005.1
1291632060  7.2 57 1005.1
1291632120  7.2 57 1005.2
1291632180  7.2 57 1005.2
1291632240  7.2 57 1005.2
1291632300  7.2 57 1005.1
1291632360  7.2 57 1005.0
1291632420  7.2 57 1005.1
1291632480  7.2 57 1005.0
1291632540  7.2 57 1005.1
1291632600  7.2 57 1005.1
1291632660  7.2 57 1005.1
1291632720  7.2 57 1005.1
1291632780  7.2 57 1005.1
1291632840  7.2 57 1005.1
1291632900  7.2 57 1005.0
1291632960  7.2 57 1005.0
1291633020  7.3 57 1005.0
1291633080  7.3 57 1004.9
1291633140  7.3 57 1004.9
1291633200  7.3 57 1005.0
1291633260  7.3 57 1005.0
1291633320  7.3 57 1005.0
1291633380  7.3 57 1005.0
1291633440  7.3 57 1005.0
1291633500  7.3 57 1005.0
1291633560  7.3 57 1005.0
1291633620  7.4 57 1004.9
1291633680  7.4 57 1004.9
1291633740  7.4 57 1004.8
1291633800  7.4 57 1004.8
1291633860  7.4 57 1004.8
1291633920  7.4 57 1004.8
1291633980  7.4 57 1004.8
1291634040  7.4 57 1004.8
1291634100  7.4 57 1004.8
1291634160  7.4 57 1004.7
1291634220  7.4 57 1004.8
1291634280  7.4 57 1004.8
1291634340  7.4 57 1004.7
1291634400  7.5 57 1004.9
1291634460  7.5 57 1004.8
1291634520  7.5 57 1004.8
1291634580  7.5 57 1004.8
1291634640  7.5 57 1004.8
1291634700  7.5 57 1004.8
1291634760  7.6 57 1004.9
1291634820  7.6 57 1004.9
1291634880  7.6 57 1004.9
1291634940  7.6 57 1004.9
1291635000  7.6 57 1004.9
1291635060  7.6 57 1004.9
1291635120  7.6 57 1004.9
1291635180  7.6 57 1004.9
1291635240  7.6 57 1004.9
1291635300  7.6 57 1004.7
1291635360  7.6 57 1004.8
1291635420  7.6 57 1004.9
1291635480  7.6 57 1004.7
1291635540  7.6 57 1004.8
1291635600  7.6 57 1004.7
1291635660  7.6 57 1004.7
1291635720  7.6 57 1004.7
1291635780  7.6 57 1004.7
1291635840  7.6 57 1004.7
1291635900  7.7 57 1004.8
1291635960  7.7 57 1004.9
1291636020  7.7 57 1004.7
1291636080  7.7 57 1004.7
1291636140  7.7 57 1004.6
1291636200  7.7 57 1004.6
1291636260  7.8 57 1004.7
1291636320  7.8 57 1004.7
1291636380  7.8 57 1004.7
1291636440  7.8 57 1004.7
1291636500  7.8 57 1004.7
1291636560  7.8 57 1004.7
1291636620  7.8 57 1004.6
1291636680  7.8 57 1004.7
1291636740  7.8 57 1004.7
1291636800  7.8 57 1004.7
1291636860  7.8 57 1004.7
1291636920  7.9 57 1004.7
1291636980  7.9 57 1004.7
1291637040  7.9 57 1004.7
1291637100  7.9 57 1004.7
1291637160  7.9 57 1004.7
1291637220  7.9 57 1004.7
1291637280  7.9 57 1004.7
1291637340  7.9 57 1004.8
1291637400  8.0 57 1004.8
1291637460  8.0 57 1004.8
1291637520  8.0 57 1004.7
1291637580  8.0 57 1004.7
1291637640  8.0 57 1004.7
1291637700  8.0 57 1004.9
1291637760  8.0 57 1004.8
1291637820  8.0 57 1004.7
1291637880  8.0 57 1004.7
1291637940  8.0 57 1004.7
1291638000  8.0 57 1004.8
1291638060  8.0 57 1004.8
1291638120  8.0 57 1004.7
1291638180  8.0 57 1004.7
1291638240  8.0 57 1004.7
1291638300  8.0 57 1004.7
1291638360  8.0 57 1004.7
1291638480  8.1 57 1004.7
1291638540  8.1 57 1004.6
1291638600  8.1 57 1004.6
1291638660  8.1 57 1004.6
1291638720  8.1 57 1004.6
1291638780  8.1 57 1004.6
1291638840  8.1 57 1004.6
1291638900  8.1 57 1004.5
1291638960  8.1 57 1004.5
1291639020  8.1 57 1004.6
1291639080  8.2 57 1004.5
1291639140  8.2 57 1004.6
1291639200  8.2 57 1004.5
1291639260  8.2 57 1004.5
1291639320  8.2 57 1004.5
1291639380  8.2 57 1004.5
1291639440  8.2 57 1004.6
1291639500  8.2 57 1004.5
1291639560  8.2 57 1004.5
1291639620  8.2 57 1004.5
1291639680  8.2 57 1004.5
1291639740  8.2 57 1004.5
1291639800  8.3 57 1004.5
1291639860  8.3 57 1004.4
1291639920  8.3 57 1004.5
1291639980  8.3 57 1004.5
1291640040  8.3 57 1004.4
1291640100  8.3 57 1004.4
1291640160  8.3 57 1004.4
1291640220  8.3 57 1004.4
1291640280  8.3 57 1004.4
1291640340  8.3 57 1004.4
1291640400  8.4 57 1004.4
1291640460  8.4 57 1004.3
1291640520  8.4 57 1004.4
1291640580  8.4 57 1004.3
1291640640  8.4 57 1004.3
1291640700  8.4 57 1004.3
1291640760  8.4 57 1004.3
1291640820  8.4 57 1004.3
1291640880  8.4 57 1004.3
1291640940  8.4 57 1004.3
1291641000  8.4 57 1004.2
1291641060  8.4 57 1004.3
1291641120  8.4 57 1004.3
1291641180  8.4 57 1004.3
1291641240  8.4 57 1004.1
1291641300  8.4 57 1004.1
1291641360  8.4 57 1004.1
1291641420  8.4 57 1004.2
1291641480  8.5 57 1004.1
1291641540  8.5 57 1004.1
1291641600  8.5 57 1004.1
1291641660  8.5 57 1004.0
1291641720  8.5 57 1004.1
1291641780  8.5 57 1004.1
1291641840  8.5 57 1004.1
1291641900  8.5 57 1004.1
1291641960  8.5 57 1004.1
1291642020  8.5 57 1004.1
1291642080  8.5 57 1004.1
1291642140  8.5 57 1004.1
1291642200  8.6 57 1004.1
1291642260  8.6 57 1004.1
1291642320  8.6 57 1004.1
1291642380  8.6 57 1004.3
1291642440  8.6 57 1004.2
1291642500  8.6 57 1004.2
1291642560  8.6 57 1004.2
1291642620  8.6 57 1004.2
1291642680  8.6 57 1004.1
1291642740  8.6 57 1004.1
1291642800  8.6 57 1004.1
1291642860  8.6 57 1004.2
1291642920  8.6 57 1004.1
1291642980  8.6 57 1004.1
1291643040  8.7 57 1004.0
1291643100  8.6 57 1004.0
1291643160  8.6 57 1004.0
1291643220  8.7 57 1004.1
1291643280  8.7 57 1004.0
1291643340  8.7 57 1003.9
1291643400  8.7 57 1004.0
1291643460  8.7 57 1003.9
1291643520  8.7 57 1004.1
1291643640  8.8 57 1004.0
1291643700  8.8 57 1004.0
1291643760  8.8 57 1004.0
1291643820  8.8 57 1004.0
1291643880  8.8 57 1004.0
1291643940  8.8 57 1004.0
1291644000  8.8 57 1004.1
1291644060  8.8 57 1004.1
1291644120  8.8 57 1004.1
1291644180  8.8 57 1004.0
1291644240  8.8 57 1004.0
1291644300  8.8 57 1004.0
1291644360  8.8 57 1004.0
1291644420  8.8 57 1004.0
1291644480  8.8 57 1003.9
1291644540  8.8 57 1004.1
1291644600  8.8 57 1004.1
1291644660  8.8 57 1004.1
1291644720  8.8 57 1004.1
1291644780  8.8 57 1004.0
1291644840  8.8 56 1004.0
1291644900  8.8 56 1003.9
1291644960  8.8 56 1003.9
1291645020  8.8 56 1003.9
1291645080  8.8 56 1004.0
1291645140  8.8 56 1004.0
1291645200  8.8 56 1004.0
1291645260  8.8 56 1004.0
1291645320  8.9 56 1003.9
1291645440  8.8 56 1003.9
1291645500  8.9 56 1003.9
1291645560  8.9 56 1003.9
1291645620  8.8 56 1003.9
1291645680  8.9 56 1003.9
1291645740  8.9 56 1003.9
1291645800  8.9 56 1003.9
1291645860  8.9 56 1004.0
1291645920  8.9 56 1003.9
1291645980  8.9 56 1004.0
1291646040  8.9 56 1004.0
1291646100  8.9 56 1004.0
1291646160  8.9 56 1004.0
1291646220  8.9 56 1004.0
1291646280  8.9 56 1004.0
1291646340  8.9 56 1004.0
1291646400  8.9 56 1004.0
1291646460  8.9 56 1004.0
1291646520  8.9 56 1004.0
1291646580  8.9 56 1004.0
1291646640  8.9 56 1004.0
1291646700  8.9 56 1004.0
1291646760  8.9 56 1004.0
1291646820  8.9 56 1004.0
1291646880  8.9 56 1004.1
1291646940  8.9 56 1004.2
1291647000  8.9 56 1004.1
1291647060  8.9 56 1004.3
1291647120  8.9 56 1004.3
1291647180  8.9 56 1004.2
1291647240  8.9 56 1004.2
1291647300  8.9 56 1004.1
1291647360  8.9 56 1004.1
1291647420  8.9 56 1004.1
1291647480  8.9 56 1004.2
1291647540  8.9 56 1004.3
1291647600  8.9 56 1004.2
1291647660  8.9 56 1004.2
1291647720  8.9 56 1004.3
1291647780  8.9 56 1004.3
1291647840  8.9 56 1004.4
1291647900  8.9 56 1004.3
1291647960  8.9 56 1004.3
1291648020  8.9 56 1004.3
1291648080  8.9 56 1004.4
1291648140  8.9 56 1004.3
1291648200  8.9 56 1004.3
1291648260  8.9 56 1004.3
1291648320  8.9 56 1004.2
1291648380  8.8 56 1004.2
1291648440  8.9 56 1004.2
1291648500  8.8 56 1004.3
1291648560  8.8 56 1004.3
1291648620  8.8 55 1004.3
1291648680  8.8 56 1004.4
1291648740  8.8 56 1004.4
1291648800  8.8 56 1004.4
1291648860  8.8 56 1004.4
1291648920  8.8 56 1004.3
1291648980  8.8 55 1004.3
1291649040  8.8 55 1004.5
1291649100  8.8 56 1004.4
1291649160  8.8 56 1004.5
1291649220  8.8 56 1004.5
1291649280  8.8 56 1004.5
1291649340  8.8 56 1004.5
1291649400  8.8 56 1004.7
1291649460  8.8 55 1004.6
1291649520  8.8 55 1004.6
1291649580  8.8 55 1004.5
1291649640  8.8 55 1004.4
1291649700  8.7 55 1004.5
1291649760  8.7 55 1004.5
1291649820  8.7 55 1004.5
1291649880  8.7 55 1004.5
1291649940  8.7 55 1004.5
1291650000  8.7 55 1004.5
1291650060  8.7 55 1004.5
1291650120  8.7 55 1004.6
1291650180  8.7 55 1004.5
1291650240  8.7 55 1004.5
1291650300  8.7 55 1004.5
1291650360  8.6 55 1004.5
1291650420  8.6 55 1004.5
1291650480  8.6 55 1004.5
1291650540  8.6 55 1004.5
1291650660  8.6 55 1004.5
1291650720  8.6 55 1004.7
1291650780  8.6 55 1004.7
1291650840  8.6 55 1004.6
1291650900  8.6 55 1004.7
1291650960  8.6 55 1004.7
1291651020  8.6 55 1004.8
1291651080  8.6 55 1004.8
1291651140  8.6 55 1004.8
1291651200  8.6 55 1004.7
1291651260  8.5 55 1004.9
1291651320  8.5 55 1004.7
1291651380  8.5 55 1004.8
1291651500  8.5 55 1004.9
1291651560  8.5 55 1004.9
1291651620  8.5 55 1004.8
1291651680  8.5 55 1004.8
1291651740  8.5 55 1004.8
1291651800  8.5 55 1004.8
1291651860  8.5 55 1004.9
1291651920  8.5 55 1004.8
1291651980  8.5 55 1004.8
1291652040  8.5 55 1004.8
1291652100  8.5 55 1004.9
1291652160  8.5 55 1004.8
1291652220  8.4 55 1004.8
1291652280  8.4 55 1004.8
1291652340  8.4 55 1004.8
1291652400  8.4 55 1004.8
1291652460  8.4 55 1004.9
1291652520  8.4 55 1004.9
1291652580  8.4 55 1004.8
1291652640  8.4 55 1004.9
1291652700  8.4 55 1004.8
1291652760  8.4 55 1004.8
1291652820  8.4 55 1004.8
1291652880  8.4 55 1004.8
1291652940  8.4 55 1004.8
1291653000  8.4 55 1004.8
1291653060  8.4 55 1004.8
1291653120  8.4 55 1004.9
1291653180  8.4 55 1004.9
1291653240  8.4 55 1004.8
1291653300  8.4 55 1004.8
1291653360  8.4 55 1004.8
1291653420  8.4 55 1004.8
1291653480  8.4 55 1004.8
1291653540  8.4 55 1004.8
1291653600  8.3 55 1004.9
1291653660  8.3 55 1004.9
1291653720  8.3 55 1004.8
1291653780  8.3 55 1004.9
1291653840  8.3 55 1004.8
1291653900  8.3 55 1004.8
1291653960  8.3 55 1004.8
1291654020  8.3 55 1004.9
1291654080  8.3 55 1004.9
1291654140  8.3 55 1004.9
1291654200  8.3 55 1005.0
1291654260  8.3 55 1004.9
1291654320  8.3 55 1004.8
1291654380  8.3 55 1004.9
1291654440  8.3 55 1004.8
1291654500  8.3 55 1004.9
1291654560  8.3 55 1004.9
1291654620  8.2 55 1004.9
1291654680  8.2 55 1004.9
1291654740  8.2 55 1004.9
1291654800  8.2 55 1004.8
1291654860  8.2 55 1004.9
1291654920  8.2 55 1004.8
1291654980  8.2 55 1004.9
1291655040  8.2 55 1004.9
1291655100  8.2 55 1005.0
1291655160  8.2 55 1004.9
1291655220  8.2 55 1005.0
1291655280  8.2 55 1005.0
1291655340  8.2 55 1005.0
1291655400  8.2 55 1005.0
1291655460  8.2 55 1005.0
1291655520  8.2 55 1005.0
1291655580  8.2 55 1004.9
1291655640  8.2 55 1005.0
1291655700  8.2 55 1005.0
1291655820  8.1 55 1005.0
1291655880  8.1 55 1005.0
1291655940  8.1 55 1005.0
1291656000  8.1 55 1005.1
1291656060  8.1 55 1005.1
1291656120  8.1 55 1005.1
1291656180  8.1 55 1005.1
1291656240  8.1 55 1005.0
1291656300  8.1 55 1005.0
1291656360  8.1 56 1005.0
1291656420  8.1 55 1005.1
1291656480  8.1 55 1005.1
1291656540  8.1 55 1005.1
1291656600  8.1 55 1005.0
1291656660  8.1 55 1005.0
1291656720  8.1 55 1005.1
1291656780  8.1 55 1005.1
1291656840  8.1 55 1005.0
1291656900  8.0 55 1005.1
1291656960  8.1 55 1005.0
1291657020  8.0 55 1005.1
1291657080  8.0 55 1005.1
1291657140  8.0 55 1005.1
1291657200  8.1 55 1005.1
1291657260  8.0 55 1005.2
1291657320  8.0 55 1005.2
1291657380  8.1 55 1005.2
1291657440  8.0 55 1005.1
1291657500  8.0 56 1005.2
1291657560  8.0 55 1005.2
1291657620  8.0 55 1005.2
1291657680  8.0 55 1005.2
1291657740  8.0 55 1005.2
1291657800  8.0 56 1005.2
1291657860  8.0 56 1005.2
1291657920  8.0 56 1005.2
1291657980  8.0 56 1005.2
1291658040  8.0 56 1005.2
1291658100  8.0 56 1005.2
1291658160  8.0 55 1005.3
1291658220  8.0 56 1005.3
1291658280  8.0 56 1005.3
1291658340  8.0 56 1005.3
1291658400  8.0 56 1005.2
1291658460  8.0 55 1005.4
1291658520  8.0 55 1005.3
1291658580  8.0 56 1005.3
1291658640  8.0 55 1005.3
1291658700  8.0 56 1005.3
1291658760  8.0 56 1005.3
1291658820  8.0 56 1005.2
1291658880  8.0 56 1005.2
1291658940  8.0 56 1005.2
1291659000  8.0 56 1005.2
1291659060  8.0 56 1005.2
1291659120  8.0 56 1005.3
1291659180  8.0 56 1005.3
1291659240  8.0 56 1005.2
1291659300  8.0 56 1005.3
1291659420  8.0 55 1005.3
1291659480  8.0 56 1005.2
1291659540  8.0 56 1005.3
1291659600  8.0 56 1005.3
1291659660  8.0 56 1005.3
1291659720  8.0 56 1005.2
1291659780  8.0 56 1005.1
1291659840  8.0 56 1005.2
1291659900  8.0 56 1005.2
1291659960  8.0 56 1005.2
1291660020  8.0 56 1005.1
1291660080  7.9 55 1005.2
1291660140  7.9 56 1005.2
1291660200  7.9 55 1005.3
1291660260  7.9 55 1005.3
1291660320  7.9 55 1005.2
1291660380  7.9 55 1005.2
1291660440  7.9 55 1005.2
1291660500  7.9 55 1005.3
1291660560  7.9 55 1005.2
1291660620  7.9 55 1005.3
1291660680  7.9 55 1005.2
1291660740  7.9 55 1005.3
1291660800  7.9 55 1005.3
1291660860  7.9 55 1005.3
1291660920  7.9 55 1005.3
1291660980  7.9 55 1005.3
1291661040  7.9 55 1005.2
1291661100  7.9 55 1005.2
1291661160  7.9 55 1005.2
1291661220  7.9 55 1005.1
1291661280  7.9 55 1005.1
1291661340  7.9 55 1005.1
1291661400  7.9 55 1005.1
1291661460  7.9 55 1005.1
1291661520  7.9 55 1005.1
1291661580  7.9 55 1005.2
1291661640  7.9 55 1005.2
1291661700  7.8 55 1005.2
1291661760  7.9 55 1005.2
1291661820  7.9 55 1005.2
1291661880  7.9 55 1005.2
1291661940  7.9 55 1005.2
1291662000  7.9 55 1005.2
1291662060  7.9 55 1005.2
1291662120  7.8 55 1005.2
1291662180  7.8 55 1005.2
1291662240  7.8 55 1005.2
1291662300  7.8 55 1005.2
1291662360  7.8 55 1005.3
1291662420  7.8 55 1005.4
1291662480  7.8 55 1005.2
1291662540  7.8 55 1005.3
1291662600  7.8 55 1005.3
1291662660  7.8 55 1005.3
1291662720  7.8 55 1005.4
1291662780  7.8 55 1005.4
1291662840  7.8 55 1005.3
1291662900  7.8 55 1005.4
1291663020  7.8 55 1005.4
1291663080  7.8 55 1005.3
1291663140  7.8 55 1005.2
1291663200  7.8 55 1005.2
1291663260  7.8 55 1005.2
1291663320  7.8 55 1005.3
1291663380  7.8 55 1005.3
1291663440  7.8 55 1005.4
1291663500  7.8 55 1005.4
1291663560  7.8 55 1005.3
1291663620  7.8 55 1005.3
1291663680  7.8 55 1005.3
1291663740  7.8 55 1005.3
1291663800  7.8 55 1005.3
1291663860  7.8 55 1005.3
1291663920  7.8 55 1005.3
1291663980  7.8 55 1005.3
1291664040  7.8 55 1005.3
1291664100  7.8 55 1005.3
1291664160  7.8 55 1005.3
1291664220  7.8 55 1005.4
1291664280  7.8 55 1005.4
1291664340  7.8 55 1005.4
1291664400  7.8 55 1005.4
1291664460  7.8 55 1005.4
1291664520  7.8 55 1005.4
1291664580  7.7 55 1005.3
1291664640  7.8 55 1005.2
1291664700  7.8 55 1005.4
1291664760  7.8 55 1005.3
1291664820  7.8 55 1005.3
1291664880  7.7 55 1005.3
1291664940  7.7 55 1005.3
1291665000  7.7 55 1005.2
1291665060  7.7 55 1005.2
1291665120  7.7 55 1005.3
1291665180  7.7 55 1005.4
1291665240  7.7 55 1005.3
1291665300  7.7 55 1005.4
1291665360  7.7 55 1005.3
1291665420  7.7 55 1005.4
1291665480  7.7 55 1005.3
1291665540  7.7 55 1005.4
1291665600  7.7 55 1005.4
1291665660  7.7 55 1005.4
1291665720  7.7 55 1005.4
1291665780  7.7 55 1005.3
1291665840  7.7 55 1005.4
1291665900  7.7 55 1005.3
1291665960  7.7 55 1005.3
1291666020  7.7 55 1005.4
1291666080  7.7 55 1005.4
1291666140  7.7 55 1005.3
1291666200  7.7 55 1005.3
1291666260  7.7 55 1005.3
1291666320  7.7 55 1005.3
1291666380  7.6 55 1005.3
1291666440  7.7 55 1005.3
1291666500  7.7 55 1005.4
1291666620  7.6 55 1005.3
1291666680  7.6 55 1005.3
1291666740  7.6 55 1005.4
1291666800  7.6 55 1005.4
1291666860  7.6 55 1005.4
1291666920  7.6 55 1005.4
1291666980  7.6 55 1005.4
1291667040  7.6 55 1005.4
1291667100  7.6 55 1005.5
1291667160  7.6 55 1005.4
1291667220  7.6 55 1005.4
1291667280  7.6 55 1005.4
1291667340  7.6 55 1005.5
1291667400  7.6 55 1005.5
1291667460  7.6 55 1005.5
1291667520  7.6 55 1005.5
1291667580  7.6 55 1005.4
1291667640  7.6 55 1005.4
1291667700  7.6 55 1005.4
1291667760  7.6 55 1005.4
1291667820  7.6 55 1005.4
1291667880  7.6 55 1005.4
1291667940  7.6 55 1005.4
1291668000  7.6 55 1005.4
1291668060  7.6 55 1005.4
1291668120  7.6 55 1005.5
1291668180  7.6 55 1005.5
1291668240  7.6 55 1005.5
1291668300  7.6 55 1005.5
1291668360  7.6 55 1005.5
1291668420  7.6 55 1005.6
1291668480  7.6 55 1005.5
1291668540  7.6 55 1005.6
1291668600  7.6 55 1005.6
1291668660  7.6 55 1005.5
1291668720  7.6 55 1005.5
1291668780  7.6 55 1005.5
1291668900  7.6 55 1005.6
1291668960  7.6 55 1005.7
1291669020  7.6 55 1005.7
1291669080  7.6 55 1005.7
1291669140  7.6 55 1005.7
1291669200  7.6 55 1005.6
1291669260  7.6 55 1005.8
1291669320  7.6 55 1005.7
1291669380  7.6 55 1005.7
1291669440  7.6 55 1005.7
1291669500  7.6 55 1005.6
1291669560  7.6 55 1005.5
1291669620  7.6 55 1005.7
1291669680  7.6 55 1005.7
1291669740  7.6 55 1005.6
1291669800  7.6 55 1005.7
1291669860  7.6 55 1005.6
1291669920  7.6 55 1005.7
1291669980  7.6 55 1005.7
1291670040  7.6 55 1005.7
1291670100  7.6 55 1005.6
1291670220  7.6 55 1005.7
1291670280  7.6 55 1005.6
1291670340  7.6 55 1005.6
1291670400  7.6 55 1005.7
1291670460  7.6 55 1005.7
1291670520  7.5 55 1005.7
1291670580  7.5 55 1005.7
1291670640  7.6 55 1005.7
1291670700  7.6 55 1005.7
1291670760  7.6 55 1005.7
1291670820  7.6 55 1005.6
1291670880  7.6 55 1005.7
1291670940  7.6 55 1005.6
1291671000  7.6 55 1005.7
1291671060  7.6 55 1005.5
1291671120  7.5 55 1005.6
1291671180  7.5 55 1005.6
1291671240  7.5 55 1005.6
1291671300  7.5 55 1005.5
1291671360  7.5 55 1005.5
1291671420  7.5 55 1005.4
1291671480  7.5 55 1005.5
1291671540  7.5 55 1005.6
1291671600  7.5 55 1005.6
1291671660  7.5 55 1005.6
1291671720  7.5 55 1005.4
1291671780  7.5 55 1005.4
1291671840  7.5 55 1005.4
1291671900  7.5 55 1005.5
1291671960  7.5 55 1005.4
1291672020  7.5 55 1005.5
1291672080  7.5 55 1005.6
1291672140  7.5 55 1005.5
1291672200  7.5 55 1005.6
1291672260  7.5 55 1005.7
1291672320  7.5 55 1005.6
1291672380  7.5 55 1005.6
1291672440  7.5 55 1005.6
1291672500  7.5 55 1005.7
1291672560  7.5 55 1005.7
1291672620  7.5 55 1005.7
1291672680  7.5 55 1005.7
1291672740  7.5 55 1005.7
1291672800  7.5 55 1005.7
1291672860  7.5 55 1005.7
1291672920  7.5 55 1005.7
1291672980  7.5 55 1005.7
1291673040  7.5 55 1005.7
1291673100  7.5 55 1005.8
1291673160  7.5 55 1005.9
1291673220  7.5 55 1005.9
1291673280  7.5 55 1005.8
1291673340  7.4 55 1005.9
1291673400  7.5 55 1005.9
1291673460  7.5 55 1005.8
1291673520  7.5 55 1005.9
1291673580  7.5 55 1005.9
1291673640  7.5 55 1005.9
1291673700  7.5 55 1005.9
1291673760  7.5 55 1005.8
1291673820  7.4 55 1005.8
1291673880  7.5 55 1005.9
1291673940  7.5 55 1005.9
1291674000  7.5 55 1005.8
1291674060  7.4 55 1005.8
1291674120  7.4 55 1005.8
1291674180  7.4 55 1005.8
1291674240  7.4 55 1005.8
1291674300  7.4 55 1005.8
1291674360  7.4 55 1005.8
1291674420  7.5 55 1005.9
1291674480  7.5 55 1005.9
1291674540  7.4 55 1005.8
1291674600  7.4 55 1005.9
1291674660  7.4 55 1005.9
1291674720  7.4 55 1005.8
1291674780  7.4 55 1005.8
1291674840  7.4 55 1005.8
1291674900  7.4 55 1005.9
1291674960  7.4 55 1006.1
1291675020  7.4 55 1006.1
1291675080  7.4 55 1006.1
1291675140  7.4 55 1006.0
1291675200  7.4 55 1006.1
1291675260  7.4 55 1006.1
1291675320  7.4 55 1006.1
1291675380  7.4 55 1006.1
1291675440  7.4 55 1006.1
1291675500  7.4 55 1006.0
1291675560  7.4 55 1006.2
1291675620  7.4 55 1006.3
1291675680  7.4 55 1006.2
1291675740  7.4 55 1006.1
1291675800  7.4 55 1006.2
1291675860  7.4 55 1006.3
1291675920  7.4 55 1006.3
1291675980  7.4 55 1006.3
1291676040  7.4 55 1006.3
1291676100  7.4 55 1006.4
1291676160  7.4 55 1006.3
1291676220  7.4 55 1006.3
1291676280  7.4 55 1006.5
1291676340  7.4 55 1006.4
1291676400  7.4 55 1006.5
1291676460  7.4 55 1006.3
1291676520  7.4 55 1006.5
1291676580  7.4 55 1006.5
1291676640  7.4 55 1006.5
1291676700  7.4 55 1006.6
1291676760  7.4 55 1006.6
1291676820  7.4 55 1006.6
1291676880  7.4 55 1006.6
1291676940  7.4 55 1006.7
1291677000  7.4 55 1006.6
1291677060  7.4 55 1006.7
1291677120  7.4 55 1006.6
1291677180  7.4 55 1006.6
1291677240  7.4 55 1006.6
1291677300  7.4 55 1006.6
1291677360  7.4 55 1006.6
1291677420  7.4 55 1006.6
1291677480  7.4 55 1006.7
1291677540  7.4 55 1006.6
1291677600  7.4 55 1006.6
1291677660  7.4 55 1006.6
1291677720  7.4 55 1006.7
1291677780  7.4 55 1006.7
1291677840  7.4 55 1006.7
1291677900  7.4 55 1006.7
1291677960  7.4 55 1006.7
1291678020  7.4 55 1006.7
1291678080  7.4 55 1006.7
1291678140  7.4 55 1006.7
1291678200  7.4 55 1006.7
1291678260  7.4 55 1006.8
1291678320  7.4 55 1006.7
1291678380  7.4 55 1006.8
1291678440  7.4 55 1006.8
1291678500  7.4 55 1006.8
1291678560  7.4 55 1006.8
1291678620  7.3 55 1006.7
1291678680  7.4 55 1006.6
1291678740  7.4 55 1006.7
1291678800  7.4 55 1006.7
1291678860  7.4 55 1006.7
1291678920  7.4 55 1006.7
1291678980  7.4 55 1006.7
1291679040  7.4 55 1006.7
1291679100  7.4 55 1006.7
1291679160  7.4 55 1006.7
1291679220  7.3 55 1006.6
1291679280  7.3 55 1006.7
1291679340  7.3 55 1006.6
1291679400  7.3 55 1006.6
1291679460  7.3 55 1006.6
1291679520  7.3 55 1006.6
1291679580  7.3 55 1006.6
1291679640  7.4 55 1006.7
1291679700  7.3 55 1006.7
1291679760  7.3 55 1006.7
1291679820  7.3 55 1006.6
1291679880  7.3 55 1006.7
1291679940  7.3 55 1006.7
