1292803200  7.2 52 1002.9
1292803260  7.2 52 1003.0
1292803320  7.1 52 1002.9
1292803380  7.1 52 1002.9
1292803440  7.1 52 1003.0
1292803500  7.1 52 1002.9
1292803560  7.1 52 1002.9
1292803620  7.1 52 1003.0
1292803680  7.1 52 1003.0
1292803740  7.1 52 1003.0
1292803800  7.1 52 1002.9
1292803860  7.1 52 1003.0
1292803920  7.1 52 1002.9
1292803980  7.1 52 1002.9
1292804040  7.2 52 1003.0
1292804100  7.1 52 1003.0
1292804160  7.1 52 1002.9
1292804220  7.1 52 1002.9
1292804280  7.1 52 1002.9
1292804340  7.1 52 1002.9
1292804400  7.1 52 1002.9
1292804460  7.1 52 1003.0
1292804520  7.1 52 1002.9
1292804580  7.1 52 1003.0
1292804640  7.1 52 1003.0
1292804700  7.1 52 1003.0
1292804760  7.1 52 1003.0
1292804820  7.2 52 1003.0
1292804880  7.2 52 1003.0
1292804940  7.1 52 1003.0
1292805000  7.1 52 1003.0
1292805060  7.1 52 1002.9
1292805120  7.1 52 1002.9
1292805180  7.1 52 1002.9
1292805240  7.1 52 1002.9
1292805300  7.1 52 1002.9
1292805360  7.1 52 1002.9
1292805420  7.1 52 1002.9
1292805480  7.1 52 1002.9
1292805540  7.1 52 1002.9
1292805600  7.1 52 1002.9
1292805660  7.1 52 1002.9
1292805720  7.1 52 1002.9
1292805780  7.1 52 1002.8
1292805840  7.1 52 1002.8
1292805900  7.1 52 1002.8
1292805960  7.1 52 1002.8
1292806020  7.1 52 1002.8
1292806080  7.1 52 1002.8
1292806140  7.1 52 1002.8
1292806200  7.1 52 1002.8
1292806260  7.1 52 1002.7
1292806320  7.1 52 1002.8
1292806380  7.1 52 1002.8
1292806440  7.1 52 1002.9
1292806500  7.1 52 1002.8
1292806560  7.1 52 1002.9
1292806620  7.1 52 1002.9
1292806680  7.1 52 1002.9
1292806740  7.1 52 1002.9
1292806800  7.1 52 1002.9
1292806860  7.1 52 1003.1
1292806920  7.1 52 1003.1
1292806980  7.1 52 1003.1
1292807040  7.1 52 1003.2
1292807100  7.1 52 1003.3
1292807160  7.1 52 1003.2
1292807220  7.1 52 1003.3
1292807280  7.1 52 1003.3
1292807340  7.1 52 1003.3
1292807400  7.0 52 1003.4
1292807460  7.0 52 1003.4
1292807520  7.0 52 1003.4
1292807580  7.0 52 1003.4
1292807640  7.0 52 1003.5
1292807700  7.0 52 1003.5
1292807760  7.0 52 1003.5
1292807820  7.0 52 1003.5
1292807880  7.0 52 1003.5
1292807940  7.0 52 1003.5
1292808000  7.0 52 1003.5
1292808060  7.0 52 1003.5
1292808120  7.0 52 1003.5
1292808180  7.0 52 1003.4
1292808240  7.0 52 1003.5
1292808300  7.0 52 1003.5
1292808360  7.0 52 1003.5
1292808420  7.0 52 1003.6
1292808480  7.0 52 1003.6
1292808540  7.0 52 1003.6
1292808600  7.0 52 1003.5
1292808660  7.0 52 1003.4
1292808720  7.0 52 1003.5
1292808780  7.0 52 1003.4
1292808840  7.0 52 1003.5
1292808900  7.0 52 1003.5
1292808960  7.0 52 1003.4
1292809020  7.0 52 1003.4
1292809080  7.0 52 1003.4
1292809140  7.0 51 1003.4
1292809200  7.0 52 1003.4
1292809260  7.0 52 1003.3
1292809320  7.0 52 1003.4
1292809380  7.0 52 1003.4
1292809440  7.0 52 1003.4
1292809500  7.0 52 1003.3
1292809560  7.0 52 1003.3
1292809620  7.0 52 1003.3
1292809680  7.0 52 1003.3
1292809740  7.0 52 1003.4
1292809800  7.0 52 1003.4
1292809860  7.0 52 1003.4
1292809920  7.0 52 1003.3
1292809980  7.0 52 1003.4
1292810040  7.0 51 1003.3
1292810100  7.0 52 1003.3
1292810160  7.0 52 1003.4
1292810220  7.0 51 1003.4
1292810280  7.0 51 1003.4
1292810340  7.0 51 1003.4
1292810400  7.0 52 1003.4
1292810460  6.9 52 1003.4
1292810580  7.0 52 1003.5
1292810640  7.0 52 1003.4
1292810700  6.9 51 1003.4
1292810760  6.9 51 1003.5
1292810820  6.9 51 1003.5
1292810880  6.9 51 1003.5
1292810940  6.9 51 1003.5
1292811000  6.9 51 1003.4
1292811060  6.9 52 1003.4
1292811120  6.9 52 1003.4
1292811180  6.9 51 1003.5
1292811240  6.9 52 1003.5
1292811300  6.9 51 1003.5
1292811360  6.9 51 1003.4
1292811420  6.9 52 1003.4
1292811480  6.9 52 1003.4
1292811540  6.9 52 1003.4
1292811600  6.9 51 1003.4
1292811660  6.9 51 1003.5
1292811720  6.9 51 1003.4
1292811780  6.9 52 1003.4
1292811840  6.9 51 1003.4
1292811900  6.9 51 1003.4
1292811960  6.9 51 1003.4
1292812020  6.9 51 1003.4
1292812080  6.9 51 1003.4
1292812140  6.9 51 1003.4
1292812200  6.9 51 1003.4
1292812260  6.9 51 1003.4
1292812320  6.9 51 1003.4
1292812380  6.9 51 1003.5
1292812440  6.9 52 1003.4
1292812500  6.9 51 1003.3
1292812560  6.9 51 1003.5
1292812620  6.9 51 1003.4
1292812680  6.9 51 1003.5
1292812740  6.9 51 1003.4
1292812800  6.9 51 1003.4
1292812860  6.9 51 1003.4
1292812920  6.9 51 1003.5
1292812980  6.9 51 1003.5
1292813040  6.9 51 1003.4
1292813100  6.9 51 1003.6
1292813160  6.9 51 1003.6
1292813220  6.9 51 1003.6
1292813280  6.9 51 1003.5
1292813340  6.9 51 1003.6
1292813400  6.9 51 1003.6
1292813460  6.9 51 1003.6
1292813520  6.9 51 1003.6
1292813580  6.9 51 1003.6
1292813640  6.9 51 1003.6
1292813700  6.9 51 1003.6
1292813760  6.9 51 1003.7
1292813820  6.9 51 1003.7
1292813880  6.9 51 1003.6
1292813940  6.9 51 1003.7
1292814000  6.9 51 1003.7
1292814060  6.9 51 1003.7
1292814120  6.9 51 1003.6
1292814180  6.9 51 1003.6
1292814240  6.9 51 1003.7
1292814300  6.9 51 1003.7
1292814360  6.9 51 1003.6
1292814420  6.9 51 1003.6
1292814480  6.9 51 1003.7
1292814540  6.9 51 1003.7
1292814600  6.9 51 1003.7
1292814660  6.9 51 1003.7
1292814720  6.9 51 1003.6
1292814780  6.9 51 1003.5
1292814840  6.9 51 1003.5
1292814900  6.9 51 1003.6
1292814960  6.9 51 1003.6
1292815020  6.9 51 1003.6
1292815080  6.9 51 1003.6
1292815140  6.9 51 1003.6
1292815200  6.9 51 1003.6
1292815260  6.9 51 1003.6
1292815320  6.9 51 1003.7
1292815380  6.9 51 1003.6
1292815440  6.9 51 1003.5
1292815500  6.9 51 1003.7
1292815560  6.9 51 1003.7
1292815620  6.9 51 1003.5
1292815680  6.9 51 1003.6
1292815740  6.9 51 1003.6
1292815800  6.9 51 1003.6
1292815860  6.9 51 1003.6
1292815920  6.8 51 1003.7
1292815980  6.8 51 1003.8
1292816040  6.9 51 1003.7
1292816100  6.8 51 1003.7
1292816160  6.9 51 1003.7
1292816220  6.8 51 1003.6
1292816280  6.8 51 1003.7
1292816340  6.8 51 1003.7
1292816400  6.9 51 1003.7
1292816460  6.9 51 1003.7
1292816520  6.8 51 1003.8
1292816580  6.8 51 1003.7
1292816640  6.8 51 1003.7
1292816700  6.8 51 1003.6
1292816760  6.8 51 1003.6
1292816820  6.8 51 1003.6
1292816880  6.8 51 1003.7
1292816940  6.9 51 1003.6
1292817000  6.8 51 1003.6
1292817060  6.8 51 1003.6
1292817120  6.9 51 1003.7
1292817180  6.8 51 1003.7
1292817240  6.8 51 1003.7
1292817300  6.8 51 1003.7
1292817360  6.8 51 1003.6
1292817420  6.8 51 1003.6
1292817480  6.9 51 1003.5
1292817540  6.9 51 1003.5
1292817600  6.9 51 1003.5
1292817660  6.9 51 1003.5
1292817720  6.8 51 1003.6
1292817780  6.8 51 1003.7
1292817840  6.8 51 1003.6
1292817900  6.8 51 1003.6
1292817960  6.8 51 1003.6
1292818020  6.8 51 1003.6
1292818080  6.8 51 1003.6
1292818140  6.8 51 1003.6
1292818200  6.8 51 1003.6
1292818260  6.8 51 1003.6
1292818320  6.8 51 1003.6
1292818380  6.8 51 1003.7
1292818440  6.8 51 1003.6
1292818500  6.8 51 1003.6
1292818560  6.8 51 1003.6
1292818620  6.8 51 1003.6
1292818680  6.8 51 1003.7
1292818740  6.8 51 1003.6
1292818800  6.8 51 1003.6
1292818860  6.8 51 1003.6
1292818920  6.8 51 1003.6
1292818980  6.8 51 1003.6
1292819040  6.8 51 1003.8
1292819100  6.8 51 1003.9
1292819160  6.8 51 1003.9
1292819220  6.8 51 1003.9
1292819280  6.8 51 1003.9
1292819340  6.8 51 1003.9
1292819400  6.8 51 1003.9
1292819460  6.8 51 1003.9
1292819520  6.8 51 1003.9
1292819580  6.8 51 1003.9
1292819640  6.8 51 1003.9
1292819700  6.8 51 1003.9
1292819760  6.8 51 1003.9
1292819820  6.8 51 1003.9
1292819880  6.8 51 1003.8
1292819940  6.8 51 1003.8
1292820000  6.8 51 1003.8
1292820060  6.8 51 1003.8
1292820120  6.8 51 1003.8
1292820180  6.8 51 1003.9
1292820240  6.8 51 1003.9
1292820300  6.8 51 1004.0
1292820360  6.8 51 1003.9
1292820420  6.8 51 1003.9
1292820480  6.8 51 1003.9
1292820540  6.8 51 1003.9
1292820600  6.8 51 1003.9
1292820660  6.8 51 1003.9
1292820720  6.8 51 1003.9
1292820780  6.8 51 1003.9
1292820840  6.8 51 1003.9
1292820900  6.8 51 1003.9
1292820960  6.8 51 1003.9
1292821020  6.8 51 1003.9
1292821080  6.8 51 1003.9
1292821140  6.8 51 1003.9
1292821200  6.8 51 1003.9
1292821260  6.8 51 1003.9
1292821320  6.8 51 1003.9
1292821380  6.8 51 1003.9
1292821500  6.8 51 1004.0
1292821560  6.8 51 1004.0
1292821620  6.8 51 1004.0
1292821680  6.8 51 1004.0
1292821740  6.8 51 1004.0
1292821800  6.8 51 1004.0
1292821860  6.8 51 1004.0
1292821920  6.8 51 1004.0
1292821980  6.8 51 1004.0
1292822040  6.8 51 1004.1
1292822100  6.8 51 1003.9
1292822160  6.8 51 1004.0
1292822220  6.8 51 1004.0
1292822280  6.8 51 1004.0
1292822340  6.8 51 1004.0
1292822400  6.8 51 1003.9
1292822460  6.8 51 1003.9
1292822520  6.8 51 1003.9
1292822580  6.8 51 1003.9
1292822640  6.8 51 1003.9
1292822700  6.8 51 1003.9
1292822760  6.8 51 1003.9
1292822820  6.8 51 1003.9
1292822880  6.8 51 1003.9
1292822940  6.8 51 1003.9
1292823000  6.8 51 1003.9
1292823060  6.8 51 1003.9
1292823120  6.8 51 1003.9
1292823180  6.8 51 1003.9
1292823240  6.8 51 1003.9
1292823300  6.8 51 1003.9
1292823360  6.8 51 1003.9
1292823420  6.8 51 1003.9
1292823480  6.8 51 1003.9
1292823540  6.8 51 1003.9
1292823600  6.8 51 1003.9
1292823660  6.7 51 1003.9
1292823720  6.8 51 1003.9
1292823780  6.8 51 1003.9
1292823840  6.7 51 1003.9
1292823900  6.7 51 1004.1
1292823960  6.7 51 1004.1
1292824020  6.7 51 1004.2
1292824080  6.7 51 1004.1
1292824140  6.7 51 1004.1
1292824200  6.7 51 1004.1
1292824260  6.7 51 1004.0
1292824320  6.7 51 1004.0
1292824380  6.7 51 1004.0
1292824440  6.7 51 1004.1
1292824500  6.7 51 1004.0
1292824560  6.7 51 1004.0
1292824620  6.7 51 1004.0
1292824680  6.7 51 1004.0
1292824740  6.7 51 1004.0
1292824800  6.7 51 1004.0
1292824860  6.7 51 1003.9
1292824920  6.7 51 1003.9
1292824980  6.7 51 1003.9
1292825040  6.7 51 1004.1
1292825100  6.7 51 1004.1
1292825160  6.7 51 1004.0
1292825220  6.7 51 1003.9
1292825280  6.7 51 1004.0
1292825340  6.7 51 1004.1
1292825400  6.7 51 1004.0
1292825460  6.7 51 1004.1
1292825520  6.7 51 1004.1
1292825580  6.7 51 1004.1
1292825640  6.7 51 1004.0
1292825700  6.7 51 1003.9
1292825760  6.7 51 1004.0
1292825820  6.7 51 1004.0
1292825880  6.7 51 1004.0
1292825940  6.7 51 1004.0
1292826000  6.7 51 1003.9
1292826060  6.7 51 1004.0
1292826120  6.7 51 1004.0
1292826180  6.7 51 1004.0
1292826240  6.7 51 1004.1
1292826300  6.7 51 1004.1
1292826360  6.7 51 1004.1
1292826420  6.7 51 1004.1
1292826480  6.7 51 1004.1
1292826540  6.7 51 1004.1
1292826600  6.7 51 1004.1
1292826660  6.7 51 1004.1
1292826720  6.7 51 1004.1
1292826780  6.7 51 1004.1
1292826840  6.7 51 1004.1
1292826900  6.7 51 1004.0
1292826960  6.7 51 1004.0
1292827020  6.7 51 1003.9
1292827080  6.7 51 1004.0
1292827140  6.7 51 1004.1
1292827200  6.7 51 1004.1
1292827260  6.7 51 1004.0
1292827320  6.7 51 1004.1
1292827380  6.7 51 1004.1
1292827440  6.7 51 1004.1
1292827500  6.7 51 1003.8
1292827560  6.6 51 1004.0
1292827620  6.7 51 1003.9
1292827680  6.7 51 1003.8
1292827740  6.7 51 1003.8
1292827800  6.7 51 1003.9
1292827860  6.7 51 1003.9
1292827920  6.7 51 1003.9
1292827980  6.7 51 1003.9
1292828040  6.6 51 1004.0
1292828100  6.6 51 1003.9
1292828160  6.6 51 1004.0
1292828220  6.7 51 1004.0
1292828280  6.6 51 1004.0
1292828340  6.6 51 1003.9
1292828400  6.7 51 1004.0
1292828460  6.6 51 1004.0
1292828520  6.7 51 1004.0
1292828580  6.7 51 1004.0
1292828640  6.7 51 1003.9
1292828700  6.7 51 1004.1
1292828760  6.7 51 1004.1
1292828820  6.7 51 1004.1
1292828880  6.7 51 1004.0
1292828940  6.7 51 1004.1
1292829000  6.7 51 1004.1
1292829060  6.6 51 1004.0
1292829120  6.7 51 1004.1
1292829180  6.7 51 1004.1
1292829240  6.7 51 1004.1
1292829300  6.7 51 1004.1
1292829360  6.6 51 1004.1
1292829420  6.6 51 1004.1
1292829480  6.7 51 1004.2
1292829540  6.7 51 1004.1
1292829600  6.7 51 1004.3
1292829660  6.7 51 1004.3
1292829720  6.6 51 1004.3
1292829780  6.6 51 1004.3
1292829840  6.6 51 1004.3
1292829900  6.7 51 1004.3
1292829960  6.7 51 1004.3
1292830020  6.7 51 1004.2
1292830080  6.7 51 1004.2
1292830140  6.7 51 1004.2
1292830200  6.6 51 1004.3
1292830260  6.6 51 1004.2
1292830320  6.6 51 1004.2
1292830380  6.6 51 1004.2
1292830440  6.6 51 1004.2
1292830500  6.6 51 1004.2
1292830560  6.6 51 1004.1
1292830620  6.6 51 1004.1
1292830680  6.6 51 1004.1
1292830740  6.6 51 1004.2
1292830800  6.6 51 1004.2
1292830860  6.7 51 1004.2
1292830920  6.6 51 1004.1
1292830980  6.6 51 1004.1
1292831040  6.6 51 1004.1
1292831100  6.7 51 1004.2
1292831160  6.6 51 1004.2
1292831220  6.7 51 1004.1
1292831280  6.6 51 1004.2
1292831340  6.6 51 1004.2
1292831400  6.6 51 1004.2
1292831460  6.6 51 1004.2
1292831520  6.6 51 1004.2
1292831580  6.6 51 1004.2
1292831640  6.6 51 1004.2
1292831700  6.6 51 1004.3
1292831760  6.6 51 1004.3
1292831820  6.6 51 1004.3
1292831880  6.6 51 1004.4
1292831940  6.6 51 1004.3
1292832000  6.6 51 1004.3
1292832060  6.6 51 1004.3
1292832120  6.6 51 1004.3
1292832180  6.6 51 1004.4
1292832240  6.6 51 1004.4
1292832300  6.6 51 1004.4
1292832360  6.6 51 1004.4
1292832420  6.6 51 1004.4
1292832480  6.6 51 1004.5
1292832540  6.6 51 1004.4
1292832600  6.6 51 1004.5
1292832660  6.6 51 1004.4
1292832720  6.6 51 1004.4
1292832780  6.6 51 1004.5
1292832840  6.6 51 1004.5
1292832900  6.6 51 1004.5
1292832960  6.6 51 1004.5
1292833020  6.6 51 1004.5
1292833080  6.6 51 1004.6
1292833140  6.6 51 1004.6
1292833200  6.6 51 1004.7
1292833260  6.6 51 1004.7
1292833320  6.6 51 1004.6
1292833380  6.6 51 1004.6
1292833440  6.6 51 1004.6
1292833500  6.6 51 1004.6
1292833560  6.6 51 1004.6
1292833620  6.6 51 1004.7
1292833680  6.6 51 1004.7
1292833740  6.6 51 1004.8
1292833800  6.6 51 1004.9
1292833860  6.6 51 1004.6
1292833920  6.6 51 1004.7
1292833980  6.6 51 1004.7
1292834040  6.6 51 1004.8
1292834100  6.6 51 1004.8
1292834160  6.6 51 1004.8
1292834220  6.6 51 1004.7
1292834280  6.6 51 1004.7
1292834340  6.6 51 1004.8
1292834400  6.6 51 1004.9
1292834460  6.5 51 1004.9
1292834520  6.6 51 1005.0
1292834580  6.5 51 1005.0
1292834640  6.6 51 1004.9
1292834700  6.6 51 1004.9
1292834760  6.6 51 1004.9
1292834820  6.5 51 1005.2
1292834880  6.5 51 1005.1
1292834940  6.5 51 1005.1
1292835000  6.6 51 1005.2
1292835060  6.6 51 1005.2
1292835120  6.6 51 1005.0
1292835180  6.6 51 1005.3
1292835240  6.5 51 1005.1
1292835300  6.6 51 1005.1
1292835360  6.6 51 1005.1
1292835420  6.6 51 1005.1
1292835480  6.6 51 1005.2
1292835540  6.6 51 1005.2
1292835600  6.5 51 1005.1
1292835660  6.5 51 1005.2
1292835720  6.5 51 1005.2
1292835780  6.6 51 1005.2
1292835840  6.6 51 1005.4
1292835900  6.6 51 1005.4
1292835960  6.6 51 1005.4
1292836020  6.6 51 1005.4
1292836080  6.6 51 1005.4
1292836140  6.5 51 1005.5
1292836200  6.5 51 1005.3
1292836260  6.5 51 1005.3
1292836320  6.5 51 1005.4
1292836380  6.6 51 1005.3
1292836440  6.5 51 1005.4
1292836500  6.5 51 1005.4
1292836560  6.5 51 1005.4
1292836620  6.5 51 1005.4
1292836680  6.5 51 1005.5
1292836740  6.6 51 1005.4
1292836800  6.5 51 1005.5
1292836860  6.6 51 1005.5
1292836920  6.6 51 1005.4
1292836980  6.6 51 1005.4
1292837040  6.6 51 1005.5
1292837100  6.6 51 1005.5
1292837160  6.6 51 1005.5
1292837220  6.6 51 1005.4
1292837280  6.6 51 1005.5
1292837340  6.5 51 1005.4
1292837400  6.6 51 1005.3
1292837460  6.6 51 1005.4
1292837520  6.5 51 1005.5
1292837580  6.6 51 1005.5
1292837640  6.6 51 1005.5
1292837700  6.6 51 1005.5
1292837760  6.6 51 1005.5
1292837820  6.6 51 1005.4
1292837880  6.6 51 1005.5
1292837940  6.6 51 1005.5
1292838000  6.6 51 1005.5
1292838060  6.6 51 1005.5
1292838120  6.6 51 1005.5
1292838180  6.6 51 1005.6
1292838240  6.6 51 1005.5
1292838300  6.6 51 1005.6
1292838360  6.6 51 1005.6
1292838420  6.6 51 1005.5
1292838480  6.6 51 1005.6
1292838540  6.6 51 1005.6
1292838600  6.6 51 1005.6
1292838660  6.6 51 1005.6
1292838720  6.6 51 1005.5
1292838780  6.5 51 1005.5
1292838840  6.6 51 1005.5
1292838900  6.6 51 1005.5
1292838960  6.6 51 1005.5
1292839020  6.6 51 1005.6
1292839080  6.6 51 1005.6
1292839140  6.6 51 1005.6
1292839200  6.6 51 1005.6
1292839260  6.6 51 1005.6
1292839320  6.6 51 1005.6
1292839380  6.6 51 1005.6
1292839440  6.6 51 1005.6
1292839500  6.6 51 1005.6
1292839560  6.6 51 1005.6
1292839620  6.5 51 1005.6
1292839680  6.6 51 1005.7
1292839740  6.6 51 1005.7
1292839800  6.6 51 1005.6
1292839860  6.6 51 1005.7
1292839920  6.6 51 1005.7
1292839980  6.6 51 1005.6
1292840040  6.6 51 1005.7
1292840100  6.6 51 1005.7
1292840160  6.6 51 1005.7
1292840220  6.6 51 1005.6
1292840280  6.6 51 1005.7
1292840340  6.6 51 1005.7
1292840400  6.6 51 1005.7
1292840460  6.6 51 1005.7
1292840520  6.6 51 1005.7
1292840580  6.6 51 1005.7
1292840640  6.5 51 1005.8
1292840700  6.5 51 1005.8
1292840760  6.5 51 1005.8
1292840820  6.5 51 1005.6
1292840880  6.5 51 1005.7
1292840940  6.5 51 1005.7
1292841000  6.5 51 1005.6
1292841060  6.5 51 1005.7
1292841120  6.5 51 1005.7
1292841180  6.5 51 1005.7
1292841240  6.5 51 1005.7
1292841300  6.5 51 1005.7
1292841360  6.5 51 1005.7
1292841420  6.5 51 1005.7
1292841480  6.5 51 1005.7
1292841540  6.5 51 1005.7
1292841600  6.5 51 1005.6
1292841660  6.5 51 1005.7
1292841720  6.5 51 1005.6
1292841780  6.5 51 1005.7
1292841840  6.5 51 1005.6
1292841900  6.5 51 1005.7
1292841960  6.5 51 1005.6
1292842020  6.5 51 1005.6
1292842080  6.5 51 1005.6
1292842140  6.5 51 1005.6
1292842200  6.5 51 1005.6
1292842260  6.5 51 1005.6
1292842320  6.5 51 1005.6
1292842380  6.5 51 1005.7
1292842440  6.5 51 1005.6
1292842500  6.5 51 1005.7
1292842560  6.5 51 1005.7
1292842620  6.5 51 1005.7
1292842680  6.5 51 1005.7
1292842740  6.5 51 1005.7
1292842800  6.5 51 1005.8
1292842860  6.5 51 1005.8
1292842920  6.5 51 1005.8
1292842980  6.5 51 1005.7
1292843040  6.5 51 1005.7
1292843100  6.5 51 1005.7
1292843160  6.5 51 1005.6
1292843220  6.5 51 1005.6
1292843280  6.5 51 1005.6
1292843340  6.5 51 1005.6
1292843400  6.5 51 1005.7
1292843460  6.5 51 1005.7
1292843520  6.5 51 1005.6
1292843580  6.5 51 1005.7
1292843640  6.5 51 1005.6
1292843700  6.5 51 1005.7
1292843760  6.5 51 1005.6
1292843820  6.5 51 1005.6
1292843880  6.5 51 1005.6
1292843940  6.5 51 1005.6
1292844000  6.5 51 1005.6
1292844060  6.5 51 1005.7
1292844120  6.5 51 1005.6
1292844180  6.5 51 1005.6
1292844240  6.5 51 1005.7
1292844300  6.5 51 1005.8
1292844360  6.5 51 1005.7
1292844420  6.5 51 1005.7
1292844480  6.5 51 1005.7
1292844540  6.5 51 1005.7
1292844600  6.5 51 1005.6
1292844720  6.5 51 1005.8
1292844780  6.5 51 1005.7
1292844840  6.5 51 1005.8
1292844900  6.5 51 1005.8
1292844960  6.5 51 1005.8
1292845020  6.5 51 1005.8
1292845080  6.5 51 1005.8
1292845140  6.5 51 1005.8
1292845200  6.5 51 1005.7
1292845260  6.5 51 1005.9
1292845320  6.5 51 1005.9
1292845380  6.5 51 1005.8
1292845440  6.5 51 1006.0
1292845500  6.5 51 1005.8
1292845560  6.5 51 1005.8
1292845620  6.5 51 1005.8
1292845680  6.5 51 1005.8
1292845740  6.5 51 1005.9
1292845800  6.5 51 1005.8
1292845860  6.6 51 1005.8
1292845920  6.6 51 1005.7
1292845980  6.5 51 1005.8
1292846040  6.6 51 1005.7
1292846100  6.6 51 1005.9
1292846160  6.5 51 1005.8
1292846220  6.6 51 1005.7
1292846280  6.6 51 1005.7
1292846340  6.6 51 1005.7
1292846400  6.6 51 1005.8
1292846460  6.6 51 1005.7
1292846520  6.6 51 1005.8
1292846580  6.6 51 1005.9
1292846640  6.6 51 1005.8
1292846700  6.6 51 1005.9
1292846760  6.6 51 1005.8
1292846820  6.6 51 1005.8
1292846880  6.6 51 1005.8
1292846940  6.6 51 1005.8
1292847000  6.6 51 1005.7
1292847060  6.6 51 1005.7
1292847120  6.6 51 1005.8
1292847180  6.6 51 1005.7
1292847240  6.6 51 1005.7
1292847300  6.6 51 1005.7
1292847360  6.6 51 1005.7
1292847420  6.6 51 1005.6
1292847480  6.6 51 1005.6
1292847540  6.6 51 1005.6
1292847600  6.6 51 1005.7
1292847660  6.6 51 1005.7
1292847720  6.6 51 1005.7
1292847780  6.6 51 1005.6
1292847840  6.6 51 1005.6
1292847900  6.6 51 1005.6
1292847960  6.6 51 1005.6
1292848020  6.6 51 1005.6
1292848080  6.6 51 1005.6
1292848140  6.5 51 1005.7
1292848200  6.5 51 1005.6
1292848320  6.5 51 1005.6
1292848380  6.5 51 1005.7
1292848440  6.5 51 1005.7
1292848500  6.5 51 1005.6
1292848560  6.5 51 1005.5
1292848620  6.5 51 1005.5
1292848680  6.5 51 1005.5
1292848740  6.5 51 1005.6
1292848800  6.5 51 1005.6
1292848860  6.5 51 1005.6
1292848920  6.5 51 1005.5
1292848980  6.5 51 1005.6
1292849040  6.5 51 1005.6
1292849100  6.5 51 1005.5
1292849160  6.5 51 1005.6
1292849220  6.5 51 1005.6
1292849280  6.5 51 1005.6
1292849340  6.5 51 1005.6
1292849400  6.5 51 1005.5
1292849460  6.5 51 1005.5
1292849520  6.5 51 1005.6
1292849580  6.5 51 1005.5
1292849640  6.5 51 1005.5
1292849700  6.5 51 1005.5
1292849760  6.5 51 1005.6
1292849820  6.5 51 1005.6
1292849880  6.5 51 1005.6
1292849940  6.5 51 1005.6
1292850000  6.5 51 1005.7
1292850060  6.5 51 1005.6
1292850120  6.5 51 1005.6
1292850180  6.5 51 1005.6
1292850240  6.5 51 1005.5
1292850300  6.5 51 1005.6
1292850360  6.5 51 1005.6
1292850420  6.5 51 1005.6
1292850480  6.5 51 1005.6
1292850540  6.5 51 1005.6
1292850600  6.5 51 1005.5
1292850660  6.5 51 1005.5
1292850720  6.5 51 1005.5
1292850780  6.5 51 1005.5
1292850840  6.5 51 1005.6
1292850900  6.5 51 1005.5
1292850960  6.5 51 1005.5
1292851020  6.5 51 1005.5
1292851080  6.5 51 1005.5
1292851140  6.5 51 1005.5
1292851200  6.5 51 1005.6
1292851260  6.5 51 1005.6
1292851320  6.5 51 1005.6
1292851380  6.5 51 1005.7
1292851440  6.5 51 1005.6
1292851500  6.6 51 1005.6
1292851560  6.6 51 1005.7
1292851620  6.5 51 1005.7
1292851680  6.5 51 1005.6
1292851740  6.5 51 1005.7
1292851800  6.5 51 1005.7
1292851860  6.5 51 1005.7
1292851980  6.6 51 1005.7
1292852040  6.6 51 1005.7
1292852100  6.6 51 1005.8
1292852160  6.6 51 1005.7
1292852220  6.6 51 1005.8
1292852280  6.6 51 1005.8
1292852340  6.6 51 1005.8
1292852400  6.6 51 1005.8
1292852460  6.6 51 1005.8
1292852520  6.6 51 1005.7
1292852580  6.6 51 1005.7
1292852640  6.6 51 1005.7
1292852700  6.6 51 1005.6
1292852760  6.6 51 1005.7
1292852820  6.6 51 1005.7
1292852880  6.6 51 1005.6
1292852940  6.6 51 1005.7
1292853000  6.6 51 1005.7
1292853060  6.6 51 1005.7
1292853120  6.6 51 1005.7
1292853180  6.6 51 1005.6
1292853240  6.6 51 1005.7
1292853300  6.6 51 1005.7
1292853360  6.6 51 1005.6
1292853420  6.6 51 1005.7
1292853480  6.6 51 1005.6
1292853540  6.6 51 1005.6
1292853600  6.6 51 1005.6
1292853660  6.6 51 1005.6
1292853720  6.6 51 1005.6
1292853780  6.6 51 1005.6
1292853840  6.6 51 1005.6
1292853900  6.6 51 1005.6
1292853960  6.6 51 1005.6
1292854020  6.6 51 1005.5
1292854080  6.6 51 1005.6
1292854140  6.6 51 1005.5
1292854200  6.6 51 1005.5
1292854260  6.6 51 1005.5
1292854320  6.6 51 1005.5
1292854380  6.6 51 1005.5
1292854440  6.6 51 1005.6
1292854500  6.6 51 1005.6
1292854560  6.6 51 1005.6
1292854620  6.6 51 1005.6
1292854680  6.6 51 1005.6
1292854740  6.6 51 1005.5
1292854800  6.6 51 1005.5
1292854860  6.6 51 1005.5
1292854920  6.6 51 1005.6
1292854980  6.6 51 1005.5
1292855040  6.6 51 1005.5
1292855100  6.6 51 1005.6
1292855160  6.6 51 1005.5
1292855220  6.6 51 1005.6
1292855280  6.7 51 1005.6
1292855340  6.7 51 1005.6
1292855400  6.7 51 1005.6
1292855460  6.7 51 1005.6
1292855580  6.7 51 1005.6
1292855640  6.7 51 1005.6
1292855700  6.7 51 1005.6
1292855760  6.7 51 1005.7
1292855820  6.7 51 1005.7
1292855880  6.7 51 1005.7
1292855940  6.7 51 1005.7
1292856000  6.7 51 1005.7
1292856060  6.7 51 1005.7
1292856120  6.7 51 1005.6
1292856180  6.7 51 1005.7
1292856240  6.7 51 1005.6
1292856300  6.7 51 1005.6
1292856360  6.7 51 1005.6
1292856420  6.7 51 1005.5
1292856480  6.7 51 1005.6
1292856540  6.7 51 1005.6
1292856600  6.7 51 1005.6
1292856660  6.7 51 1005.6
1292856720  6.7 51 1005.7
1292856780  6.7 51 1005.6
1292856840  6.7 51 1005.6
1292856900  6.7 51 1005.7
1292856960  6.7 51 1005.7
1292857020  6.7 51 1005.7
1292857080  6.7 51 1005.7
1292857140  6.7 51 1005.7
1292857200  6.7 51 1005.7
1292857260  6.7 51 1005.7
1292857320  6.7 51 1005.7
1292857380  6.8 51 1005.7
1292857440  6.7 51 1005.7
1292857500  6.7 51 1005.7
1292857560  6.7 51 1005.7
1292857620  6.7 51 1005.7
1292857680  6.7 51 1005.7
1292857740  6.7 51 1005.7
1292857800  6.7 51 1005.7
1292857860  6.7 51 1005.7
1292857920  6.7 51 1005.7
1292857980  6.7 51 1005.7
1292858040  6.7 51 1005.7
1292858100  6.7 51 1005.7
1292858160  6.7 51 1005.7
1292858220  6.7 51 1005.6
1292858280  6.7 51 1005.7
1292858340  6.7 51 1005.6
1292858400  6.7 51 1005.6
1292858460  6.7 51 1005.6
1292858520  6.7 51 1005.6
1292858580  6.7 51 1005.7
1292858640  6.7 51 1005.6
1292858700  6.7 51 1005.5
1292858760  6.7 51 1005.6
1292858820  6.7 51 1005.7
1292858880  6.7 51 1005.6
1292858940  6.7 51 1005.6
1292859000  6.7 51 1005.6
1292859060  6.7 51 1005.6
1292859180  6.7 51 1005.6
1292859240  6.7 51 1005.6
1292859300  6.7 51 1005.6
1292859360  6.7 51 1005.6
1292859420  6.7 51 1005.6
1292859480  6.7 51 1005.7
1292859540  6.7 51 1005.7
1292859600  6.7 51 1005.7
1292859660  6.7 51 1005.7
1292859720  6.7 51 1005.7
1292859780  6.6 51 1005.6
1292859840  6.6 51 1005.7
1292859900  6.6 51 1005.7
1292859960  6.6 51 1005.7
1292860020  6.6 51 1005.6
1292860080  6.6 51 1005.7
1292860140  6.6 51 1005.7
1292860200  6.6 51 1005.7
1292860260  6.6 51 1005.7
1292860320  6.6 51 1005.7
1292860380  6.6 51 1005.7
1292860440  6.6 51 1005.6
1292860500  6.6 51 1005.7
1292860560  6.6 51 1005.6
1292860620  6.6 51 1005.6
1292860680  6.6 51 1005.7
1292860740  6.6 51 1005.7
1292860800  6.6 51 1005.6
1292860860  6.6 51 1005.6
1292860920  6.7 51 1005.6
1292860980  6.6 51 1005.6
1292861040  6.7 51 1005.7
1292861100  6.7 51 1005.7
1292861160  6.7 51 1005.8
1292861220  6.7 51 1005.7
1292861280  6.7 51 1005.7
1292861340  6.7 51 1005.7
1292861400  6.7 51 1005.8
1292861460  6.7 51 1005.7
1292861520  6.7 51 1005.7
1292861580  6.7 51 1005.7
1292861640  6.7 51 1005.8
1292861700  6.7 51 1005.7
1292861760  6.7 51 1005.8
1292861820  6.7 51 1005.7
1292861880  6.7 51 1005.7
1292862000  6.7 51 1005.7
1292862060  6.7 51 1005.8
1292862120  6.7 51 1005.8
1292862180  6.7 51 1005.8
1292862240  6.7 51 1005.7
1292862300  6.7 51 1005.7
1292862360  6.7 51 1005.7
1292862420  6.7 51 1005.8
1292862480  6.7 51 1005.7
1292862540  6.7 51 1005.7
1292862600  6.7 51 1005.7
1292862660  6.7 51 1005.7
1292862720  6.7 51 1005.7
1292862780  6.7 51 1005.7
1292862840  6.7 51 1005.7
1292862900  6.7 51 1005.6
1292862960  6.7 51 1005.6
1292863020  6.7 51 1005.6
1292863080  6.7 51 1005.6
1292863140  6.7 51 1005.6
1292863200  6.7 51 1005.6
1292863260  6.7 51 1005.6
1292863320  6.7 51 1005.6
1292863380  6.7 51 1005.6
1292863440  6.7 51 1005.6
1292863500  6.7 51 1005.6
1292863560  6.7 51 1005.6
1292863620  6.6 51 1005.6
1292863680  6.7 51 1005.6
1292863740  6.7 51 1005.6
1292863800  6.7 51 1005.6
1292863860  6.7 51 1005.6
1292863920  6.7 51 1005.6
1292863980  6.7 51 1005.6
1292864040  6.6 51 1005.6
1292864100  6.6 51 1005.6
1292864160  6.6 51 1005.6
1292864220  6.6 51 1005.6
1292864280  6.6 51 1005.5
1292864340  6.6 51 1005.6
1292864400  6.7 51 1005.6
1292864460  6.6 51 1005.6
1292864520  6.6 51 1005.6
1292864580  6.6 51 1005.6
1292864640  6.7 51 1005.6
1292864700  6.6 51 1005.5
1292864760  6.7 51 1005.5
1292864820  6.7 51 1005.6
1292864880  6.7 51 1005.6
1292864940  6.7 51 1005.5
1292865000  6.7 51 1005.4
1292865060  6.7 51 1005.3
1292865120  6.7 51 1005.3
1292865180  6.7 51 1005.3
1292865240  6.7 51 1005.3
1292865300  6.7 51 1005.5
1292865360  6.7 51 1005.5
1292865420  6.7 51 1005.5
1292865480  6.7 51 1005.6
1292865540  6.7 51 1005.5
1292865600  6.7 51 1005.5
1292865660  6.7 51 1005.6
1292865720  6.7 51 1005.5
1292865780  6.7 51 1005.5
1292865840  6.7 51 1005.5
1292865900  6.7 51 1005.4
1292865960  6.6 51 1005.5
1292866020  6.6 51 1005.5
1292866080  6.6 51 1005.6
1292866140  6.6 51 1005.6
1292866200  6.6 51 1005.6
1292866260  6.7 51 1005.6
1292866320  6.7 51 1005.7
1292866380  6.7 51 1005.7
1292866440  6.7 51 1005.7
1292866500  6.7 51 1005.7
1292866560  6.6 51 1005.7
1292866620  6.6 51 1005.7
1292866680  6.7 51 1005.6
1292866740  6.6 51 1005.7
1292866800  6.7 51 1005.6
1292866860  6.6 51 1005.7
1292866920  6.6 51 1005.6
1292866980  6.6 51 1005.6
1292867040  6.6 51 1005.7
1292867100  6.7 51 1005.6
1292867160  6.6 51 1005.7
1292867220  6.6 51 1005.6
1292867280  6.6 51 1005.7
1292867340  6.7 51 1005.7
1292867400  6.7 51 1005.7
1292867460  6.7 51 1005.7
1292867520  6.7 51 1005.7
1292867580  6.7 51 1005.7
1292867640  6.7 51 1005.6
1292867700  6.7 51 1005.6
1292867760  6.7 51 1005.6
1292867820  6.7 51 1005.5
1292867880  6.7 51 1005.6
1292867940  6.7 51 1005.6
1292868000  6.7 51 1005.6
1292868060  6.7 51 1005.5
1292868120  6.7 51 1005.6
1292868180  6.7 51 1005.6
1292868240  6.7 51 1005.6
1292868300  6.6 51 1005.6
1292868360  6.7 51 1005.5
1292868420  6.7 51 1005.5
1292868480  6.7 51 1005.6
1292868540  6.7 51 1005.5
1292868600  6.7 51 1005.6
1292868660  6.7 51 1005.6
1292868720  6.7 51 1005.6
1292868780  6.7 51 1005.6
1292868840  6.7 51 1005.6
1292868900  6.7 51 1005.3
1292868960  6.7 51 1005.3
1292869020  6.7 51 1005.4
1292869080  6.7 51 1005.4
1292869140  6.7 51 1005.4
1292869200  6.7 51 1005.3
1292869260  6.7 51 1005.4
1292869320  6.7 51 1005.3
1292869380  6.7 51 1005.3
1292869440  6.7 51 1005.3
1292869500  6.7 51 1005.3
1292869560  6.7 51 1005.2
1292869620  6.7 51 1005.3
1292869680  6.7 51 1005.2
1292869740  6.7 51 1005.2
1292869800  6.7 51 1005.2
1292869860  6.7 51 1005.2
1292869920  6.7 51 1005.3
1292869980  6.7 51 1005.3
1292870040  6.7 51 1005.3
1292870100  6.7 51 1005.4
1292870160  6.7 51 1005.5
1292870220  6.7 51 1005.3
1292870280  6.7 51 1005.5
1292870340  6.7 51 1005.4
1292870400  6.7 51 1005.5
1292870460  6.6 51 1005.4
1292870520  6.7 51 1005.5
1292870580  6.7 51 1005.5
1292870640  6.7 51 1005.5
1292870700  6.7 51 1005.5
1292870760  6.6 51 1005.6
1292870820  6.6 51 1005.4
1292870880  6.7 51 1005.5
1292870940  6.7 51 1005.5
1292871000  6.6 51 1005.5
1292871060  6.7 51 1005.4
1292871120  6.7 51 1005.4
1292871180  6.7 51 1005.5
1292871240  6.7 51 1005.4
1292871300  6.7 51 1005.4
1292871360  6.7 51 1005.4
1292871420  6.7 51 1005.3
1292871480  6.7 51 1005.3
1292871540  6.7 51 1005.3
1292871600  6.7 51 1005.4
1292871660  6.6 51 1005.4
1292871720  6.6 51 1005.3
1292871780  6.6 51 1005.4
1292871840  6.6 51 1005.2
1292871900  6.6 51 1005.2
1292871960  6.6 51 1005.2
1292872020  6.7 51 1005.3
1292872080  6.7 51 1005.3
1292872140  6.6 51 1005.3
1292872200  6.6 51 1005.4
1292872260  6.6 51 1005.4
1292872320  6.6 51 1005.5
1292872380  6.7 51 1005.3
1292872440  6.6 51 1005.5
1292872500  6.6 51 1005.5
1292872560  6.6 51 1005.5
1292872620  6.6 51 1005.5
1292872680  6.6 51 1005.5
1292872740  6.6 51 1005.5
1292872800  6.6 51 1005.5
1292872860  6.6 51 1005.4
1292872920  6.6 51 1005.5
1292872980  6.7 51 1005.4
1292873040  6.7 51 1005.4
1292873100  6.7 51 1005.4
1292873160  6.7 51 1005.4
1292873220  6.7 51 1005.4
1292873280  6.6 51 1005.4
1292873340  6.7 51 1005.4
1292873400  6.7 51 1005.3
1292873460  6.7 51 1005.5
1292873520  6.7 51 1005.3
1292873580  6.6 51 1005.3
1292873640  6.6 51 1005.4
1292873700  6.6 51 1005.4
1292873760  6.6 51 1005.4
1292873820  6.7 51 1005.3
1292873880  6.7 51 1005.3
1292873940  6.7 51 1005.2
1292874000  6.7 51 1005.2
1292874060  6.7 51 1005.2
1292874120  6.7 51 1005.1
1292874180  6.7 51 1005.1
1292874240  6.7 51 1005.2
1292874300  6.7 51 1005.2
1292874360  6.7 51 1005.2
1292874420  6.7 51 1005.1
1292874480  6.7 51 1005.2
1292874540  6.7 51 1005.1
1292874600  6.7 51 1005.1
1292874660  6.7 51 1005.0
1292874720  6.6 51 1005.2
1292874780  6.7 51 1005.1
1292874840  6.7 51 1005.1
1292874900  6.7 51 1005.1
1292874960  6.7 51 1005.1
1292875020  6.7 51 1005.0
1292875080  6.6 51 1005.0
1292875140  6.7 51 1005.0
1292875200  6.7 51 1004.9
1292875260  6.7 51 1004.9
1292875320  6.7 51 1005.0
1292875380  6.7 51 1004.9
1292875440  6.7 51 1005.0
1292875500  6.6 51 1005.0
1292875560  6.6 51 1005.0
1292875620  6.6 51 1004.9
1292875680  6.6 51 1004.9
1292875740  6.6 51 1004.8
1292875800  6.6 51 1004.9
1292875860  6.6 51 1004.8
1292875920  6.6 51 1004.9
1292875980  6.6 51 1004.9
1292876040  6.6 51 1004.9
1292876100  6.6 51 1004.9
1292876160  6.6 51 1004.9
1292876220  6.6 51 1005.0
1292876280  6.6 51 1005.0
1292876340  6.6 51 1004.9
1292876400  6.6 51 1004.9
1292876460  6.6 51 1004.9
1292876520  6.6 51 1004.9
1292876580  6.6 51 1004.8
1292876640  6.6 51 1004.9
1292876700  6.7 51 1004.9
1292876760  6.7 51 1004.9
1292876820  6.6 51 1004.9
1292876880  6.6 51 1004.8
1292876940  6.6 51 1004.8
1292877000  6.6 51 1004.8
1292877060  6.6 51 1004.8
1292877120  6.6 51 1004.9
1292877180  6.6 51 1004.8
1292877240  6.6 51 1004.8
1292877300  6.6 51 1005.0
1292877360  6.6 51 1005.0
1292877420  6.6 51 1004.8
1292877480  6.6 51 1004.9
1292877540  6.6 51 1004.9
1292877600  6.6 51 1004.8
1292877660  6.6 51 1004.9
1292877720  6.6 51 1004.9
1292877780  6.6 51 1004.9
1292877840  6.6 51 1004.9
1292877900  6.6 51 1004.9
1292877960  6.6 51 1004.9
1292878020  6.6 51 1004.8
1292878080  6.6 51 1004.9
1292878140  6.6 51 1004.8
1292878200  6.6 51 1004.9
1292878260  6.6 51 1004.8
1292878320  6.6 51 1004.9
1292878380  6.6 51 1004.9
1292878440  6.6 51 1004.9
1292878500  6.6 51 1004.9
1292878560  6.6 51 1004.9
1292878620  6.6 51 1004.8
1292878680  6.6 51 1004.8
1292878740  6.6 51 1004.9
1292878800  6.6 51 1004.8
1292878860  6.6 51 1004.8
1292878920  6.6 51 1004.8
1292878980  6.6 51 1004.8
1292879040  6.6 51 1004.7
1292879100  6.6 51 1004.7
1292879160  6.6 51 1004.7
1292879220  6.6 51 1004.8
1292879280  6.6 51 1004.7
1292879340  6.6 51 1004.8
1292879400  6.6 51 1004.8
1292879460  6.6 51 1004.7
1292879520  6.6 51 1004.7
1292879580  6.6 51 1004.8
1292879640  6.6 51 1004.8
1292879700  6.6 51 1004.8
1292879760  6.6 51 1004.8
1292879820  6.6 51 1004.7
1292879880  6.6 51 1004.8
1292879940  6.6 51 1004.8
1292880000  6.6 51 1004.8
1292880060  6.6 51 1004.7
1292880120  6.6 51 1004.8
1292880180  6.6 51 1004.8
1292880240  6.6 51 1004.7
1292880300  6.6 51 1004.7
1292880360  6.6 51 1004.7
1292880420  6.6 51 1004.8
1292880480  6.6 51 1004.8
1292880540  6.6 51 1004.8
1292880600  6.6 51 1004.9
1292880660  6.6 51 1004.8
1292880720  6.6 51 1004.7
1292880780  6.6 51 1004.9
1292880840  6.6 51 1004.8
1292880900  6.6 51 1004.8
1292880960  6.6 51 1004.7
1292881020  6.6 51 1004.7
1292881080  6.6 51 1004.7
1292881140  6.6 51 1004.7
1292881200  6.6 51 1004.8
1292881260  6.6 51 1004.7
1292881320  6.6 51 1004.7
1292881380  6.6 51 1004.7
1292881440  6.6 51 1004.8
1292881500  6.6 51 1004.8
1292881560  6.6 51 1004.8
1292881620  6.6 51 1004.7
1292881680  6.6 51 1004.7
1292881740  6.6 51 1004.7
1292881800  6.6 51 1004.8
1292881860  6.6 51 1004.7
1292881920  6.6 51 1004.7
1292881980  6.6 51 1004.8
1292882040  6.6 51 1004.8
1292882100  6.6 51 1004.7
1292882160  6.6 51 1004.7
1292882220  6.6 51 1004.7
1292882280  6.6 51 1004.7
1292882340  6.6 51 1004.7
1292882400  6.6 51 1004.7
1292882460  6.6 51 1004.8
1292882520  6.6 51 1004.8
1292882580  6.6 51 1004.7
1292882640  6.6 51 1004.7
1292882700  6.6 51 1004.8
1292882760  6.6 51 1004.8
1292882820  6.6 51 1004.7
1292882880  6.6 51 1004.7
1292882940  6.6 51 1004.7
1292883000  6.6 51 1004.8
1292883060  6.6 51 1004.8
1292883120  6.6 51 1004.8
1292883180  6.6 51 1004.9
1292883240  6.6 51 1004.8
1292883300  6.5 51 1004.7
1292883360  6.6 51 1004.8
1292883420  6.6 51 1004.8
1292883480  6.6 51 1004.8
1292883540  6.6 51 1004.8
1292883600  6.6 51 1004.7
1292883660  6.5 51 1004.6
1292883720  6.6 51 1004.6
1292883780  6.6 51 1004.7
1292883840  6.5 51 1004.7
1292883900  6.5 51 1004.7
1292883960  6.5 51 1004.7
1292884020  6.6 51 1004.8
1292884080  6.6 51 1004.8
1292884140  6.5 51 1004.8
1292884200  6.5 51 1004.8
1292884260  6.5 51 1004.8
1292884320  6.5 51 1004.6
1292884380  6.5 51 1004.7
1292884440  6.5 51 1004.7
1292884500  6.5 51 1004.7
1292884560  6.5 51 1004.7
1292884620  6.5 51 1004.7
1292884680  6.5 51 1004.7
1292884740  6.5 51 1004.7
1292884800  6.5 51 1004.7
1292884860  6.5 51 1004.8
1292884920  6.5 51 1004.8
1292884980  6.5 51 1004.8
1292885040  6.5 51 1004.8
1292885100  6.5 51 1004.8
1292885160  6.5 52 1004.8
1292885220  6.5 51 1004.9
1292885280  6.5 51 1004.9
1292885340  6.5 51 1005.0
1292885400  6.5 51 1004.9
1292885460  6.5 51 1004.9
1292885520  6.5 51 1004.9
1292885580  6.4 51 1004.9
1292885640  6.5 51 1004.9
1292885700  6.5 51 1004.8
1292885760  6.5 51 1004.9
1292885820  6.5 51 1004.9
1292885880  6.5 51 1004.9
1292885940  6.5 51 1004.8
1292886000  6.5 51 1004.9
1292886060  6.5 51 1004.8
1292886120  6.5 51 1004.8
1292886180  6.4 52 1004.8
1292886240  6.5 51 1004.9
1292886300  6.5 51 1004.9
1292886360  6.5 51 1004.8
1292886420  6.4 51 1004.7
1292886480  6.4 51 1004.7
1292886540  6.5 51 1004.7
1292886600  6.4 51 1004.7
1292886660  6.4 51 1004.7
1292886720  6.4 51 1004.8
1292886780  6.4 51 1004.6
1292886840  6.4 51 1004.7
1292886900  6.4 52 1004.6
1292886960  6.4 51 1004.6
1292887020  6.4 52 1004.6
1292887080  6.4 52 1004.6
1292887200  6.4 51 1004.6
1292887260  6.4 51 1004.6
1292887320  6.4 52 1004.6
1292887380  6.4 51 1004.6
1292887440  6.4 52 1004.6
1292887500  6.5 52 1004.6
1292887560  6.5 51 1004.6
1292887620  6.5 51 1004.7
1292887680  6.5 51 1004.7
1292887740  6.5 51 1004.7
1292887800  6.4 52 1004.7
1292887860  6.5 52 1004.6
1292887920  6.5 51 1004.6
1292887980  6.5 51 1004.6
1292888040  6.5 51 1004.5
1292888100  6.4 51 1004.6
1292888160  6.4 51 1004.6
1292888220  6.5 51 1004.6
1292888280  6.5 51 1004.6
1292888340  6.5 51 1004.6
1292888400  6.5 51 1004.6
1292888460  6.4 51 1004.6
1292888520  6.4 51 1004.5
1292888580  6.4 51 1004.5
1292888640  6.4 52 1004.5
1292888700  6.4 52 1004.5
1292888760  6.4 52 1004.5
1292888820  6.5 52 1004.6
1292888880  6.5 52 1004.6
1292888940  6.5 52 1004.6
1292889000  6.5 51 1004.4
1292889060  6.5 51 1004.5
1292889120  6.5 51 1004.4
1292889180  6.5 51 1004.6
1292889240  6.5 51 1004.4
1292889300  6.5 51 1004.5
1292889360  6.5 51 1004.4
1292889420  6.5 51 1004.4
1292889480  6.5 51 1004.4
1292889540  6.5 51 1004.4
