1292544000  8.3 59 1004.6
1292544060  8.3 59 1004.5
1292544120  8.3 59 1004.5
1292544180  8.2 59 1004.4
1292544240  8.2 59 1004.5
1292544300  8.2 59 1004.6
1292544360  8.2 59 1004.6
1292544420  8.2 59 1004.6
1292544480  8.2 59 1004.4
1292544540  8.2 59 1004.4
1292544600  8.2 59 1004.4
1292544660  8.2 59 1004.4
1292544720  8.3 59 1004.4
1292544780  8.3 59 1004.5
1292544840  8.2 59 1004.4
1292544900  8.2 59 1004.4
1292544960  8.2 59 1004.4
1292545020  8.2 59 1004.4
1292545080  8.2 59 1004.4
1292545140  8.3 59 1004.2
1292545200  8.3 59 1004.2
1292545260  8.2 59 1004.3
1292545320  8.2 59 1004.2
1292545380  8.2 59 1004.2
1292545440  8.2 59 1004.2
1292545500  8.3 59 1004.2
1292545560  8.3 59 1004.2
1292545620  8.3 59 1004.2
1292545680  8.3 59 1004.2
1292545740  8.2 59 1004.2
1292545800  8.2 59 1004.2
1292545860  8.2 59 1004.2
1292545920  8.3 59 1004.2
1292545980  8.2 59 1004.1
1292546040  8.3 59 1004.1
1292546100  8.2 59 1004.1
1292546160  8.2 59 1004.1
1292546220  8.2 59 1004.0
1292546280  8.3 59 1004.0
1292546340  8.3 59 1004.0
1292546400  8.2 59 1004.0
1292546460  8.2 59 1004.0
1292546520  8.2 59 1004.0
1292546580  8.3 59 1004.0
1292546640  8.3 59 1004.0
1292546700  8.2 59 1004.0
1292546760  8.3 58 1003.9
1292546820  8.2 59 1003.8
1292546880  8.2 59 1003.8
1292546940  8.2 59 1003.8
1292547000  8.3 58 1003.7
1292547060  8.2 59 1003.7
1292547120  8.2 59 1003.7
1292547180  8.2 58 1003.7
1292547240  8.2 58 1003.7
1292547300  8.2 58 1003.7
1292547360  8.2 58 1003.7
1292547420  8.2 58 1003.7
1292547480  8.2 58 1003.7
1292547540  8.2 58 1003.7
1292547600  8.2 58 1003.6
1292547660  8.2 58 1003.7
1292547720  8.2 58 1003.7
1292547780  8.2 58 1003.6
1292547840  8.2 58 1003.6
1292547900  8.2 58 1003.6
1292547960  8.2 58 1003.6
1292548020  8.2 58 1003.6
1292548080  8.2 58 1003.6
1292548140  8.2 58 1003.6
1292548200  8.2 58 1003.5
1292548260  8.2 58 1003.5
1292548320  8.2 58 1003.5
1292548380  8.2 58 1003.5
1292548440  8.2 58 1003.5
1292548500  8.2 58 1003.4
1292548560  8.2 58 1003.4
1292548620  8.2 58 1003.4
1292548680  8.2 58 1003.4
1292548740  8.2 58 1003.4
1292548800  8.2 58 1003.3
1292548860  8.2 58 1003.3
1292548920  8.2 58 1003.3
1292548980  8.2 58 1003.3
1292549040  8.2 58 1003.3
1292549100  8.2 58 1003.4
1292549160  8.2 58 1003.4
1292549220  8.2 58 1003.3
1292549280  8.2 58 1003.3
1292549340  8.2 58 1003.3
1292549400  8.2 58 1003.4
1292549460  8.2 58 1003.3
1292549520  8.2 58 1003.1
1292549580  8.2 58 1003.3
1292549640  8.2 58 1003.3
1292549700  8.2 58 1003.4
1292549760  8.2 58 1003.3
1292549820  8.2 58 1003.2
1292549880  8.1 58 1003.2
1292549940  8.1 58 1003.2
1292550000  8.2 58 1003.2
1292550060  8.1 58 1003.2
1292550120  8.1 58 1003.1
1292550180  8.2 58 1003.2
1292550240  8.1 58 1002.9
1292550300  8.1 58 1003.1
1292550360  8.2 58 1003.0
1292550420  8.1 58 1003.1
1292550480  8.2 58 1003.1
1292550540  8.2 58 1003.1
1292550600  8.1 58 1003.0
1292550660  8.1 58 1003.0
1292550720  8.1 58 1003.0
1292550780  8.1 58 1003.0
1292550840  8.1 58 1002.9
1292550900  8.1 58 1002.9
1292550960  8.1 58 1002.9
1292551020  8.1 58 1003.0
1292551080  8.1 58 1003.0
1292551140  8.1 58 1003.0
1292551200  8.1 58 1002.9
1292551260  8.1 58 1002.9
1292551320  8.1 58 1002.8
1292551380  8.1 58 1002.9
1292551440  8.1 58 1002.9
1292551500  8.1 58 1002.9
1292551560  8.1 58 1002.8
1292551620  8.1 58 1002.8
1292551680  8.1 58 1002.8
1292551740  8.1 58 1002.8
1292551800  8.1 58 1002.9
1292551860  8.1 58 1002.9
1292551920  8.1 58 1002.9
1292551980  8.1 58 1002.9
1292552040  8.1 58 1002.9
1292552100  8.1 58 1002.9
1292552160  8.1 58 1003.0
1292552220  8.1 58 1003.0
1292552280  8.1 58 1003.1
1292552340  8.1 58 1003.1
1292552400  8.1 58 1003.0
1292552460  8.1 58 1003.0
1292552520  8.1 58 1003.0
1292552580  8.1 58 1003.0
1292552640  8.1 58 1002.9
1292552700  8.1 58 1002.9
1292552760  8.1 58 1002.8
1292552820  8.1 58 1002.8
1292552880  8.1 58 1002.8
1292552940  8.1 58 1002.8
1292553000  8.1 58 1002.9
1292553060  8.0 58 1002.7
1292553120  8.0 58 1002.9
1292553180  8.0 58 1002.9
1292553240  8.1 58 1002.9
1292553300  8.0 58 1002.8
1292553360  8.0 58 1002.8
1292553420  8.0 58 1002.9
1292553480  8.0 58 1002.9
1292553540  8.0 58 1002.9
1292553600  8.0 58 1002.8
1292553660  8.0 58 1002.9
1292553780  8.0 58 1002.9
1292553840  8.0 58 1002.9
1292553900  8.0 58 1002.8
1292553960  8.0 58 1002.8
1292554020  8.0 58 1002.8
1292554080  8.0 58 1002.8
1292554140  8.0 58 1002.8
1292554200  8.0 58 1002.8
1292554260  8.0 58 1002.8
1292554320  8.0 58 1002.8
1292554380  8.0 58 1002.8
1292554440  8.0 58 1002.8
1292554500  8.0 58 1002.8
1292554560  8.0 58 1002.9
1292554620  8.0 58 1002.8
1292554680  8.0 58 1002.8
1292554740  8.0 58 1002.8
1292554800  8.0 58 1002.9
1292554860  8.0 58 1002.8
1292554920  8.0 58 1002.7
1292554980  8.0 58 1002.8
1292555040  8.0 58 1002.8
1292555100  8.0 58 1002.7
1292555160  8.0 58 1002.7
1292555220  8.0 58 1002.7
1292555280  8.0 58 1002.7
1292555340  8.0 58 1002.7
1292555400  8.0 58 1002.7
1292555460  8.0 58 1002.7
1292555520  8.0 58 1002.6
1292555580  8.0 58 1002.6
1292555640  8.0 58 1002.7
1292555700  8.0 58 1002.7
1292555760  8.0 58 1002.7
1292555820  8.0 58 1002.6
1292555880  8.0 58 1002.6
1292555940  8.0 58 1002.6
1292556000  8.0 58 1002.6
1292556060  8.0 58 1002.6
1292556120  8.0 58 1002.6
1292556180  8.0 58 1002.6
1292556240  8.0 58 1002.6
1292556300  8.0 58 1002.6
1292556360  8.0 58 1002.5
1292556420  8.0 58 1002.5
1292556480  8.0 58 1002.5
1292556540  8.0 58 1002.4
1292556600  8.0 58 1002.6
1292556660  8.0 58 1002.6
1292556720  8.0 58 1002.3
1292556780  8.0 58 1002.4
1292556840  8.0 58 1002.3
1292556900  8.0 58 1002.3
1292556960  8.0 58 1002.3
1292557020  8.0 58 1002.3
1292557080  8.0 58 1002.3
1292557140  8.0 58 1002.3
1292557200  8.0 58 1002.3
1292557260  8.0 58 1002.3
1292557320  8.0 58 1002.2
1292557380  8.0 58 1002.3
1292557440  8.0 57 1002.3
1292557500  8.0 58 1002.3
1292557560  8.0 58 1002.3
1292557620  8.0 57 1002.3
1292557680  8.0 57 1002.3
1292557740  8.0 57 1002.2
1292557800  8.0 57 1002.2
1292557860  8.0 57 1002.2
1292557920  8.0 57 1002.2
1292557980  8.0 58 1002.1
1292558040  8.0 57 1002.1
1292558100  8.0 57 1002.1
1292558160  8.0 57 1002.1
1292558220  8.0 57 1002.1
1292558280  8.0 57 1002.0
1292558340  7.9 57 1002.1
1292558400  8.0 57 1002.1
1292558460  8.0 57 1002.1
1292558520  7.9 57 1002.0
1292558580  8.0 57 1001.9
1292558640  7.9 57 1001.9
1292558700  8.0 57 1001.9
1292558760  7.9 57 1002.1
1292558820  7.9 57 1002.1
1292558880  7.9 57 1002.1
1292558940  7.9 57 1002.1
1292559000  7.9 57 1002.1
1292559060  7.9 57 1002.1
1292559120  7.9 57 1002.1
1292559180  7.9 57 1002.1
1292559240  7.9 57 1002.1
1292559300  7.9 57 1002.0
1292559360  7.9 57 1002.1
1292559420  7.9 57 1002.0
1292559480  7.9 57 1002.1
1292559540  7.9 57 1002.1
1292559600  7.9 57 1002.1
1292559660  7.9 57 1002.1
1292559720  7.9 57 1002.0
1292559780  7.9 57 1002.0
1292559840  7.9 57 1002.0
1292559900  7.9 57 1001.9
1292559960  7.9 57 1002.0
1292560020  7.9 57 1001.9
1292560080  7.9 57 1001.9
1292560140  7.9 57 1001.9
1292560200  7.9 57 1001.9
1292560260  7.9 57 1001.9
1292560320  7.9 57 1001.8
1292560380  7.9 57 1001.9
1292560440  7.9 57 1001.8
1292560500  7.9 57 1001.8
1292560560  7.9 57 1001.8
1292560620  7.9 57 1001.7
1292560680  7.9 57 1001.8
1292560740  7.9 57 1001.7
1292560800  7.9 57 1001.7
1292560860  7.9 57 1001.7
1292560920  7.9 57 1001.8
1292560980  7.9 57 1001.7
1292561040  7.9 57 1001.7
1292561100  7.9 57 1001.7
1292561160  7.9 57 1001.6
1292561220  7.9 57 1001.5
1292561280  7.9 57 1001.6
1292561340  7.9 57 1001.6
1292561400  7.9 57 1001.7
1292561460  7.9 57 1001.7
1292561520  7.8 57 1001.7
1292561580  7.8 57 1001.5
1292561640  7.8 57 1001.5
1292561700  7.8 57 1001.5
1292561760  7.8 57 1001.5
1292561820  7.8 57 1001.4
1292561880  7.8 57 1001.4
1292561940  7.8 57 1001.5
1292562000  7.8 57 1001.6
1292562060  7.8 57 1001.6
1292562120  7.8 57 1001.6
1292562180  7.8 57 1001.4
1292562240  7.8 57 1001.5
1292562300  7.8 57 1001.6
1292562360  7.8 57 1001.6
1292562420  7.8 57 1001.5
1292562540  7.8 57 1001.4
1292562600  7.8 57 1001.4
1292562660  7.8 57 1001.4
1292562720  7.8 57 1001.4
1292562780  7.8 57 1001.4
1292562840  7.8 57 1001.3
1292562900  7.8 57 1001.3
1292562960  7.8 57 1001.2
1292563020  7.8 57 1001.2
1292563080  7.8 57 1001.3
1292563140  7.8 57 1001.2
1292563200  7.8 57 1001.2
1292563260  7.8 57 1001.2
1292563320  7.8 57 1001.2
1292563380  7.8 57 1001.2
1292563440  7.8 57 1001.2
1292563500  7.8 57 1001.2
1292563560  7.8 57 1001.2
1292563620  7.8 57 1001.2
1292563680  7.8 57 1001.1
1292563740  7.8 57 1001.2
1292563800  7.8 57 1001.2
1292563860  7.8 57 1001.2
1292563920  7.8 57 1001.2
1292563980  7.8 57 1001.1
1292564040  7.8 57 1001.1
1292564100  7.8 57 1001.1
1292564160  7.8 57 1001.1
1292564220  7.8 57 1001.1
1292564280  7.8 57 1001.1
1292564340  7.8 57 1001.1
1292564400  7.8 57 1001.1
1292564460  7.8 57 1001.1
1292564520  7.8 57 1001.1
1292564580  7.8 57 1001.0
1292564640  7.7 57 1001.1
1292564700  7.8 57 1001.1
1292564760  7.8 57 1001.0
1292564820  7.8 57 1001.1
1292564940  7.8 57 1001.1
1292565000  7.7 57 1001.1
1292565060  7.7 57 1001.1
1292565120  7.7 57 1001.1
1292565180  7.7 57 1001.1
1292565240  7.8 57 1001.1
1292565300  7.8 57 1001.1
1292565360  7.8 57 1001.1
1292565420  7.7 57 1001.0
1292565480  7.7 57 1001.1
1292565540  7.8 57 1001.1
1292565600  7.7 57 1001.1
1292565660  7.8 57 1001.1
1292565720  7.7 57 1001.1
1292565780  7.7 57 1001.1
1292565840  7.7 57 1001.1
1292565900  7.7 57 1001.1
1292565960  7.7 57 1001.1
1292566020  7.7 57 1001.1
1292566080  7.7 57 1001.0
1292566140  7.7 57 1001.0
1292566200  7.7 57 1001.0
1292566260  7.7 57 1001.0
1292566320  7.7 57 1001.0
1292566380  7.7 57 1001.0
1292566440  7.7 57 1001.0
1292566500  7.7 57 1001.0
1292566560  7.7 57 1001.0
1292566620  7.7 57 1001.0
1292566680  7.7 57 1001.0
1292566740  7.7 57 1001.0
1292566800  7.7 57 1001.0
1292566860  7.7 57 1001.0
1292566920  7.7 57 1001.0
1292566980  7.7 57 1001.0
1292567040  7.7 57 1001.0
1292567100  7.7 57 1000.9
1292567160  7.7 57 1000.9
1292567220  7.7 57 1001.0
1292567280  7.7 57 1000.9
1292567340  7.7 57 1000.9
1292567400  7.7 57 1000.9
1292567460  7.7 57 1000.9
1292567520  7.7 57 1000.9
1292567580  7.7 57 1001.0
1292567640  7.7 57 1001.0
1292567700  7.7 57 1000.9
1292567760  7.7 57 1000.9
1292567820  7.7 57 1000.9
1292567880  7.7 57 1000.9
1292567940  7.7 57 1000.9
1292568000  7.7 57 1000.9
1292568060  7.7 57 1000.9
1292568120  7.7 57 1000.9
1292568180  7.7 57 1000.9
1292568240  7.7 57 1000.9
1292568300  7.7 57 1000.9
1292568360  7.6 57 1000.9
1292568420  7.7 57 1000.9
1292568480  7.6 57 1000.9
1292568540  7.6 57 1000.9
1292568600  7.6 57 1000.9
1292568660  7.6 57 1000.9
1292568720  7.7 57 1000.9
1292568780  7.6 57 1000.9
1292568840  7.6 57 1000.9
1292568900  7.6 57 1000.9
1292568960  7.6 57 1000.9
1292569020  7.6 57 1000.9
1292569080  7.6 57 1000.8
1292569140  7.6 57 1000.8
1292569200  7.6 57 1000.8
1292569260  7.6 57 1000.7
1292569320  7.6 57 1000.7
1292569380  7.6 57 1000.8
1292569440  7.6 57 1000.8
1292569500  7.6 57 1000.8
1292569560  7.6 57 1000.8
1292569620  7.6 57 1000.8
1292569680  7.6 57 1000.6
1292569740  7.6 57 1000.6
1292569800  7.6 57 1000.6
1292569860  7.6 57 1000.5
1292569920  7.6 57 1000.5
1292569980  7.6 57 1000.6
1292570040  7.6 57 1000.6
1292570100  7.6 57 1000.6
1292570160  7.6 56 1000.6
1292570220  7.6 57 1000.5
1292570280  7.6 57 1000.5
1292570340  7.6 57 1000.5
1292570400  7.6 57 1000.5
1292570460  7.6 57 1000.5
1292570520  7.6 57 1000.5
1292570580  7.6 57 1000.5
1292570640  7.6 57 1000.5
1292570700  7.6 57 1000.5
1292570760  7.6 57 1000.5
1292570820  7.6 57 1000.5
1292570880  7.6 57 1000.6
1292570940  7.6 57 1000.6
1292571000  7.6 57 1000.6
1292571060  7.6 56 1000.5
1292571120  7.6 57 1000.5
1292571180  7.6 57 1000.5
1292571240  7.6 57 1000.5
1292571300  7.6 57 1000.5
1292571360  7.6 57 1000.5
1292571420  7.6 57 1000.6
1292571480  7.6 57 1000.6
1292571540  7.6 57 1000.6
1292571600  7.6 57 1000.7
1292571660  7.6 57 1000.6
1292571720  7.6 57 1000.7
1292571780  7.6 57 1000.7
1292571840  7.6 57 1000.7
1292571900  7.6 57 1000.6
1292571960  7.6 57 1000.6
1292572020  7.6 57 1000.5
1292572080  7.6 57 1000.6
1292572140  7.6 57 1000.7
1292572200  7.5 57 1000.6
1292572260  7.5 57 1000.5
1292572320  7.5 57 1000.5
1292572380  7.6 57 1000.5
1292572440  7.6 57 1000.5
1292572500  7.6 57 1000.6
1292572560  7.6 57 1000.6
1292572620  7.6 57 1000.5
1292572680  7.5 57 1000.5
1292572740  7.5 57 1000.5
1292572800  7.6 57 1000.5
1292572860  7.5 57 1000.5
1292572920  7.5 57 1000.5
1292572980  7.5 57 1000.5
1292573040  7.5 57 1000.5
1292573100  7.5 57 1000.5
1292573160  7.5 57 1000.6
1292573220  7.5 57 1000.6
1292573280  7.5 57 1000.7
1292573340  7.5 57 1000.5
1292573400  7.5 57 1000.5
1292573460  7.5 57 1000.4
1292573520  7.5 57 1000.5
1292573580  7.5 57 1000.5
1292573640  7.5 57 1000.5
1292573700  7.5 57 1000.5
1292573760  7.5 57 1000.5
1292573820  7.5 57 1000.4
1292573880  7.5 57 1000.5
1292573940  7.5 57 1000.5
1292574000  7.5 57 1000.4
1292574060  7.5 57 1000.4
1292574120  7.5 57 1000.4
1292574180  7.5 57 1000.4
1292574240  7.5 57 1000.4
1292574300  7.5 57 1000.3
1292574360  7.5 57 1000.3
1292574420  7.5 57 1000.3
1292574480  7.5 57 1000.4
1292574540  7.5 57 1000.4
1292574600  7.5 57 1000.4
1292574660  7.5 57 1000.4
1292574720  7.5 57 1000.3
1292574780  7.5 57 1000.3
1292574840  7.5 57 1000.3
1292574900  7.5 57 1000.3
1292574960  7.5 57 1000.3
1292575020  7.5 57 1000.3
1292575080  7.5 57 1000.4
1292575140  7.5 57 1000.4
1292575200  7.5 57 1000.4
1292575260  7.5 57 1000.4
1292575320  7.5 57 1000.3
1292575380  7.5 57 1000.3
1292575440  7.5 57 1000.3
1292575500  7.5 57 1000.3
1292575560  7.5 57 1000.3
1292575620  7.5 57 1000.4
1292575680  7.5 57 1000.4
1292575740  7.5 57 1000.4
1292575800  7.5 57 1000.4
1292575860  7.5 57 1000.4
1292575920  7.5 57 1000.3
1292575980  7.5 57 1000.5
1292576040  7.5 57 1000.4
1292576100  7.5 57 1000.4
1292576160  7.5 57 1000.4
1292576220  7.5 57 1000.3
1292576280  7.5 57 1000.3
1292576340  7.5 57 1000.3
1292576400  7.5 57 1000.4
1292576460  7.5 57 1000.4
1292576520  7.4 57 1000.4
1292576580  7.4 57 1000.4
1292576640  7.5 57 1000.4
1292576700  7.5 57 1000.4
1292576760  7.5 57 1000.4
1292576820  7.5 57 1000.4
1292576880  7.4 57 1000.3
1292576940  7.4 57 1000.4
1292577000  7.4 57 1000.3
1292577060  7.4 57 1000.4
1292577120  7.5 57 1000.3
1292577180  7.4 57 1000.3
1292577240  7.4 57 1000.3
1292577300  7.4 57 1000.3
1292577360  7.4 57 1000.3
1292577420  7.4 57 1000.3
1292577480  7.4 57 1000.3
1292577540  7.5 57 1000.2
1292577600  7.4 57 1000.3
1292577660  7.5 57 1000.2
1292577720  7.4 57 1000.2
1292577780  7.4 57 1000.3
1292577840  7.4 57 1000.4
1292577900  7.5 57 1000.3
1292577960  7.5 57 1000.3
1292578020  7.5 57 1000.2
1292578080  7.5 57 1000.2
1292578140  7.5 57 1000.2
1292578200  7.4 57 1000.2
1292578260  7.4 56 1000.2
1292578320  7.4 57 1000.2
1292578380  7.4 57 1000.2
1292578440  7.4 57 1000.2
1292578500  7.4 57 1000.2
1292578560  7.4 57 1000.2
1292578620  7.4 57 1000.2
1292578680  7.4 57 1000.2
1292578740  7.4 57 1000.2
1292578800  7.5 57 1000.3
1292578860  7.4 57 1000.2
1292578920  7.4 57 1000.2
1292578980  7.5 57 1000.3
1292579040  7.4 57 1000.2
1292579100  7.4 57 1000.3
1292579160  7.4 57 1000.3
1292579220  7.4 57 1000.3
1292579280  7.4 57 1000.3
1292579340  7.4 57 1000.2
1292579400  7.4 57 1000.2
1292579460  7.4 57 1000.1
1292579520  7.4 57 1000.1
1292579580  7.4 57 1000.1
1292579640  7.4 57 1000.1
1292579700  7.4 57 1000.1
1292579760  7.4 57 1000.1
1292579820  7.4 57 1000.1
1292579880  7.4 57 1000.2
1292579940  7.4 57 1000.1
1292580000  7.4 57 1000.1
1292580060  7.4 56 1000.2
1292580120  7.4 56 1000.2
1292580180  7.4 57 1000.3
1292580240  7.4 57 1000.2
1292580300  7.4 57 1000.3
1292580360  7.4 57 1000.3
1292580420  7.4 57 1000.3
1292580480  7.4 57 1000.1
1292580540  7.4 57 1000.3
1292580600  7.4 57 1000.3
1292580660  7.4 57 1000.3
1292580720  7.4 57 1000.3
1292580780  7.4 57 1000.2
1292580840  7.4 57 1000.2
1292580900  7.4 57 1000.2
1292580960  7.4 57 1000.2
1292581020  7.4 57 1000.2
1292581080  7.4 57 1000.2
1292581140  7.4 57 1000.2
1292581200  7.4 57 1000.3
1292581260  7.4 57 1000.2
1292581320  7.4 57 1000.1
1292581380  7.4 57 1000.1
1292581440  7.4 57 1000.1
1292581500  7.4 57 1000.2
1292581560  7.4 57 1000.2
1292581620  7.5 57 1000.2
1292581680  7.5 57 1000.2
1292581740  7.5 57 1000.1
1292581800  7.5 57 1000.0
1292581860  7.5 56 1000.0
1292581920  7.5 57 999.9
1292581980  7.5 57 999.9
1292582040  7.5 57 1000.0
1292582100  7.5 57 1000.0
1292582160  7.5 57 1000.0
1292582220  7.5 57 1000.0
1292582280  7.5 57 999.8
1292582340  7.5 57 999.8
1292582400  7.6 57 999.9
1292582460  7.6 57 999.9
1292582520  7.6 57 999.8
1292582580  7.6 57 999.8
1292582640  7.6 57 999.8
1292582700  7.6 57 999.8
1292582760  7.6 57 999.8
1292582820  7.6 57 999.8
1292582940  7.6 57 999.9
1292583000  7.6 57 999.9
1292583060  7.6 57 999.9
1292583120  7.6 57 999.8
1292583180  7.6 57 999.8
1292583240  7.6 57 999.7
1292583300  7.6 57 999.7
1292583360  7.6 57 999.7
1292583420  7.6 57 999.7
1292583480  7.7 57 999.7
1292583540  7.7 57 999.6
1292583600  7.7 57 999.5
1292583660  7.7 57 999.5
1292583720  7.7 57 999.6
1292583780  7.7 57 999.5
1292583840  7.7 57 999.5
1292583900  7.7 57 999.5
1292583960  7.7 57 999.5
1292584020  7.7 57 999.5
1292584080  7.8 57 999.5
1292584140  7.8 57 999.5
1292584200  7.8 57 999.5
1292584260  7.8 57 999.5
1292584320  7.8 57 999.5
1292584380  7.8 57 999.5
1292584440  7.8 57 999.5
1292584500  7.8 57 999.4
1292584560  7.8 57 999.4
1292584620  7.8 57 999.4
1292584680  7.8 57 999.5
1292584740  7.8 57 999.4
1292584800  7.8 57 999.4
1292584860  7.9 57 999.5
1292584920  7.9 57 999.4
1292584980  7.9 57 999.4
1292585040  7.9 57 999.3
1292585100  7.9 57 999.4
1292585160  7.9 57 999.3
1292585220  7.9 57 999.3
1292585280  7.9 57 999.3
1292585340  7.9 57 999.3
1292585400  8.0 57 999.2
1292585460  8.0 57 999.1
1292585520  8.0 57 999.1
1292585580  8.0 57 999.1
1292585640  8.0 57 999.1
1292585700  8.0 57 999.1
1292585760  8.0 57 999.1
1292585820  8.0 57 999.1
1292585880  8.0 57 999.1
1292585940  8.0 57 999.1
1292586000  8.0 57 999.1
1292586060  8.0 57 999.2
1292586180  8.0 57 999.1
1292586240  8.0 57 999.2
1292586300  8.0 57 999.1
1292586360  8.0 57 999.1
1292586420  8.0 57 999.1
1292586480  8.0 57 999.1
1292586540  8.0 57 999.1
1292586600  8.1 57 999.1
1292586660  8.1 57 999.1
1292586720  8.1 57 999.1
1292586780  8.1 57 999.1
1292586840  8.1 57 999.1
1292586900  8.1 57 999.1
1292586960  8.1 57 999.0
1292587020  8.1 57 999.1
1292587080  8.1 57 999.1
1292587140  8.1 57 999.1
1292587200  8.1 57 999.0
1292587260  8.2 57 999.1
1292587320  8.2 57 999.1
1292587380  8.2 57 998.9
1292587440  8.2 57 999.0
1292587500  8.2 57 998.9
1292587560  8.2 57 999.0
1292587620  8.2 57 999.0
1292587680  8.2 57 999.0
1292587740  8.2 57 999.0
1292587800  8.2 57 999.0
1292587860  8.2 57 999.0
1292587920  8.3 57 998.9
1292587980  8.2 57 998.9
1292588040  8.3 57 998.9
1292588100  8.3 57 999.0
1292588160  8.3 57 998.9
1292588220  8.3 57 999.0
1292588280  8.3 57 999.0
1292588340  8.3 57 999.0
1292588400  8.3 57 999.0
1292588460  8.3 57 998.9
1292588520  8.3 57 998.9
1292588580  8.4 57 998.9
1292588640  8.4 57 998.9
1292588700  8.4 57 998.8
1292588760  8.4 57 998.8
1292588820  8.4 57 998.8
1292588880  8.4 57 998.8
1292588940  8.4 57 998.8
1292589000  8.4 57 998.8
1292589060  8.4 57 998.8
1292589120  8.4 57 998.7
1292589180  8.4 57 998.6
1292589240  8.4 57 998.5
1292589300  8.4 57 998.7
1292589360  8.4 57 998.6
1292589420  8.4 57 998.6
1292589480  8.4 57 998.6
1292589540  8.4 57 998.6
1292589600  8.4 57 998.6
1292589660  8.4 57 998.6
1292589720  8.4 57 998.6
1292589780  8.4 57 998.6
1292589840  8.4 57 998.5
1292589900  8.4 57 998.4
1292589960  8.5 57 998.5
1292590020  8.4 57 998.5
1292590080  8.4 57 998.5
1292590140  8.4 57 998.5
1292590200  8.5 57 998.5
1292590260  8.5 57 998.5
1292590320  8.5 57 998.5
1292590380  8.5 57 998.4
1292590440  8.5 57 998.6
1292590500  8.5 57 998.5
1292590560  8.5 57 998.5
1292590620  8.5 57 998.5
1292590680  8.5 57 998.5
1292590740  8.5 57 998.5
1292590800  8.5 57 998.5
1292590860  8.6 57 998.5
1292590920  8.6 57 998.6
1292590980  8.6 57 998.5
1292591100  8.6 57 998.4
1292591160  8.6 57 998.4
1292591220  8.6 57 998.4
1292591280  8.6 57 998.4
1292591340  8.6 57 998.4
1292591400  8.6 57 998.3
1292591460  8.6 57 998.3
1292591520  8.6 57 998.3
1292591580  8.6 57 998.3
1292591640  8.6 57 998.3
1292591700  8.6 57 998.4
1292591760  8.7 57 998.4
1292591820  8.7 57 998.4
1292591880  8.7 57 998.4
1292591940  8.7 57 998.4
1292592000  8.7 57 998.4
1292592060  8.7 57 998.4
1292592120  8.7 57 998.3
1292592180  8.7 57 998.3
1292592240  8.7 57 998.3
1292592300  8.7 57 998.3
1292592360  8.7 57 998.4
1292592420  8.8 57 998.3
1292592480  8.7 57 998.3
1292592540  8.7 57 998.3
1292592600  8.7 57 998.3
1292592660  8.7 57 998.3
1292592720  8.8 57 998.3
1292592780  8.8 57 998.4
1292592840  8.8 57 998.4
1292592900  8.8 57 998.4
1292592960  8.8 57 998.5
1292593020  8.8 57 998.4
1292593080  8.8 57 998.4
1292593140  8.8 57 998.4
1292593200  8.8 57 998.4
1292593260  8.8 57 998.3
1292593320  8.8 57 998.4
1292593380  8.8 57 998.4
1292593440  8.8 57 998.4
1292593500  8.8 57 998.4
1292593560  8.8 57 998.5
1292593620  8.8 57 998.4
1292593680  8.8 57 998.4
1292593740  8.8 57 998.4
1292593800  8.9 57 998.4
1292593860  8.8 57 998.4
1292593920  8.9 57 998.4
1292593980  8.9 57 998.4
1292594040  8.9 57 998.4
1292594100  8.9 57 998.3
1292594160  8.9 57 998.3
1292594220  8.9 57 998.3
1292594280  8.9 57 998.3
1292594340  8.9 57 998.3
1292594400  8.9 57 998.3
1292594460  8.9 57 998.4
1292594580  8.9 57 998.3
1292594640  8.9 57 998.3
1292594700  8.9 57 998.3
1292594760  9.0 57 998.3
1292594820  9.0 57 998.3
1292594880  9.0 57 998.2
1292594940  9.0 56 998.3
1292595000  9.0 56 998.3
1292595060  9.0 56 998.3
1292595120  9.0 56 998.3
1292595180  9.0 56 998.3
1292595240  9.0 56 998.4
1292595300  9.0 56 998.3
1292595360  9.0 56 998.2
1292595420  9.0 56 998.3
1292595480  9.0 56 998.2
1292595540  9.0 56 998.3
1292595600  9.0 56 998.3
1292595660  9.0 56 998.3
1292595780  9.0 56 998.2
1292595840  9.0 56 998.3
1292595900  9.0 56 998.3
1292595960  9.0 56 998.3
1292596020  9.0 56 998.3
1292596080  9.0 56 998.2
1292596140  9.0 56 998.3
1292596200  9.0 56 998.3
1292596260  9.0 56 998.3
1292596320  9.0 56 998.3
1292596380  9.0 56 998.3
1292596440  9.0 56 998.2
1292596500  9.0 56 998.3
1292596560  9.0 56 998.3
1292596620  9.0 56 998.3
1292596680  9.0 56 998.4
1292596740  9.0 56 998.4
1292596800  9.0 56 998.4
1292596860  9.0 56 998.4
1292596920  9.0 56 998.4
1292596980  9.0 56 998.4
1292597040  9.0 56 998.4
1292597100  9.0 56 998.4
1292597160  9.0 56 998.3
1292597220  9.0 56 998.3
1292597280  9.0 56 998.3
1292597340  9.0 56 998.3
1292597400  9.0 56 998.3
1292597460  9.0 56 998.3
1292597520  9.0 56 998.3
1292597580  9.0 56 998.4
1292597640  9.0 56 998.3
1292597700  9.0 56 998.3
1292597760  9.0 56 998.3
1292597820  9.0 56 998.3
1292597880  9.0 56 998.4
1292597940  9.0 56 998.4
1292598000  9.0 56 998.4
1292598060  9.0 56 998.4
1292598120  9.0 56 998.4
1292598180  9.0 56 998.3
1292598240  9.0 56 998.3
1292598300  9.0 56 998.3
1292598360  9.0 56 998.4
1292598420  9.0 56 998.5
1292598480  9.0 56 998.5
1292598540  9.0 56 998.5
1292598600  9.0 56 998.5
1292598660  9.0 56 998.5
1292598720  9.0 56 998.5
1292598780  9.0 56 998.5
1292598840  9.0 56 998.5
1292598900  9.0 56 998.5
1292598960  8.9 56 998.5
1292599020  8.9 56 998.5
1292599080  8.9 56 998.5
1292599140  8.9 56 998.5
1292599200  8.9 56 998.5
1292599260  8.9 56 998.5
1292599320  8.9 56 998.5
1292599380  8.9 56 998.5
1292599440  8.9 56 998.5
1292599500  8.9 56 998.5
1292599560  8.9 56 998.5
1292599620  8.9 56 998.5
1292599680  8.9 56 998.5
1292599740  8.9 56 998.5
1292599800  8.9 56 998.5
1292599860  8.9 56 998.5
1292599920  8.9 56 998.5
1292599980  8.9 56 998.5
1292600040  8.9 56 998.5
1292600100  8.9 56 998.5
1292600160  8.8 56 998.5
1292600220  8.8 56 998.5
1292600280  8.8 56 998.5
1292600340  8.8 56 998.4
1292600400  8.8 56 998.4
1292600460  8.8 56 998.4
1292600520  8.8 56 998.4
1292600580  8.8 56 998.4
1292600640  8.8 56 998.4
1292600700  8.8 56 998.4
1292600760  8.8 55 998.4
1292600820  8.8 56 998.5
1292600880  8.8 56 998.4
1292600940  8.8 56 998.4
1292601000  8.8 56 998.4
1292601060  8.8 56 998.4
1292601120  8.8 56 998.4
1292601180  8.8 56 998.4
1292601240  8.8 56 998.4
1292601300  8.8 56 998.5
1292601360  8.8 56 998.4
1292601420  8.8 56 998.4
1292601480  8.8 56 998.4
1292601540  8.8 56 998.4
1292601600  8.8 56 998.5
1292601660  8.8 56 998.5
1292601720  8.8 56 998.5
1292601780  8.7 56 998.5
1292601840  8.7 56 998.4
1292601900  8.7 56 998.4
1292601960  8.7 56 998.4
1292602020  8.7 56 998.5
1292602080  8.7 56 998.5
1292602140  8.7 56 998.4
1292602200  8.7 56 998.4
1292602260  8.7 56 998.4
1292602320  8.7 56 998.4
1292602380  8.7 56 998.4
1292602440  8.7 56 998.3
1292602500  8.7 56 998.3
1292602560  8.7 55 998.3
1292602620  8.7 56 998.3
1292602680  8.7 56 998.3
1292602740  8.7 56 998.4
1292602800  8.7 56 998.3
1292602860  8.7 56 998.3
1292602920  8.7 56 998.3
1292602980  8.6 56 998.4
1292603040  8.6 56 998.3
1292603100  8.6 56 998.3
1292603160  8.6 56 998.3
1292603220  8.6 56 998.2
1292603280  8.6 56 998.2
1292603340  8.6 56 998.2
1292603400  8.6 56 998.3
1292603460  8.6 56 998.3
1292603520  8.6 56 998.3
1292603580  8.6 56 998.2
1292603700  8.6 56 998.2
1292603760  8.6 56 998.2
1292603820  8.6 56 998.1
1292603880  8.6 56 998.2
1292603940  8.6 56 998.2
1292604000  8.6 56 998.3
1292604060  8.6 56 998.3
1292604120  8.6 56 998.3
1292604180  8.5 56 998.2
1292604240  8.5 56 998.1
1292604300  8.5 56 998.2
1292604360  8.5 55 998.2
1292604420  8.5 56 998.1
1292604480  8.5 56 998.2
1292604540  8.5 56 998.1
1292604600  8.5 56 998.2
1292604660  8.5 56 998.2
1292604720  8.5 56 998.1
1292604780  8.5 56 998.1
1292604840  8.5 56 998.1
1292604900  8.5 56 998.2
1292604960  8.5 56 998.2
1292605020  8.5 56 998.2
1292605080  8.5 56 998.1
1292605140  8.5 56 998.2
1292605200  8.5 56 998.2
1292605260  8.5 55 998.3
1292605320  8.4 56 998.2
1292605380  8.4 56 998.2
1292605440  8.4 56 998.2
1292605500  8.4 56 998.2
1292605560  8.4 56 998.3
1292605620  8.4 56 998.2
1292605680  8.4 56 998.2
1292605740  8.4 56 998.2
1292605800  8.4 56 998.2
1292605860  8.4 56 998.2
1292605920  8.4 56 998.3
1292605980  8.4 56 998.3
1292606040  8.4 56 998.3
1292606100  8.4 56 998.2
1292606220  8.4 56 998.2
1292606280  8.4 56 998.3
1292606340  8.4 56 998.2
1292606400  8.4 56 998.3
1292606460  8.4 56 998.3
1292606520  8.4 56 998.2
1292606580  8.4 56 998.2
1292606640  8.4 56 998.2
1292606700  8.4 56 998.3
1292606760  8.4 56 998.4
1292606820  8.4 56 998.4
1292606880  8.4 56 998.4
1292606940  8.4 56 998.3
1292607000  8.4 56 998.3
1292607060  8.4 55 998.4
1292607120  8.4 56 998.4
1292607180  8.4 56 998.4
1292607240  8.4 56 998.4
1292607300  8.4 56 998.5
1292607360  8.4 56 998.5
1292607420  8.4 56 998.4
1292607480  8.4 56 998.5
1292607540  8.4 56 998.4
1292607600  8.4 56 998.4
1292607660  8.4 56 998.4
1292607720  8.4 56 998.4
1292607780  8.4 56 998.4
1292607840  8.4 56 998.4
1292607900  8.3 56 998.4
1292607960  8.3 55 998.3
1292608020  8.3 55 998.3
1292608080  8.3 56 998.3
1292608140  8.3 56 998.2
1292608200  8.3 56 998.2
1292608260  8.3 56 998.3
1292608320  8.3 56 998.2
1292608380  8.3 56 998.2
1292608440  8.3 56 998.2
1292608500  8.3 56 998.3
1292608560  8.3 56 998.3
1292608620  8.3 56 998.3
1292608680  8.3 56 998.2
1292608740  8.3 56 998.2
1292608800  8.3 56 998.2
1292608860  8.3 55 998.2
1292608920  8.2 55 998.1
1292608980  8.3 55 998.1
1292609040  8.3 55 998.1
1292609100  8.2 56 998.3
1292609160  8.3 56 998.2
1292609220  8.3 56 998.2
1292609280  8.2 56 998.3
1292609340  8.2 56 998.3
1292609400  8.3 56 998.2
1292609460  8.2 56 998.2
1292609520  8.2 56 998.2
1292609580  8.2 56 998.2
1292609640  8.2 56 998.2
1292609700  8.2 56 998.3
1292609820  8.2 55 998.3
1292609940  8.2 56 998.3
1292610000  8.2 56 998.4
1292610060  8.2 56 998.4
1292610120  8.2 56 998.3
1292610180  8.2 56 998.3
1292610240  8.2 56 998.3
1292610300  8.2 56 998.3
1292610360  8.2 56 998.2
1292610420  8.2 56 998.2
1292610480  8.2 56 998.2
1292610540  8.2 56 998.2
1292610600  8.2 56 998.2
1292610660  8.2 55 998.2
1292610720  8.2 55 998.2
1292610780  8.2 55 998.2
1292610840  8.2 55 998.2
1292610900  8.2 56 998.1
1292610960  8.2 56 998.1
1292611020  8.2 56 998.0
1292611080  8.2 56 998.1
1292611140  8.2 56 998.2
1292611200  8.2 56 998.1
1292611260  8.2 55 998.1
1292611320  8.2 56 998.1
1292611380  8.2 56 998.1
1292611440  8.2 56 998.1
1292611500  8.2 56 998.1
1292611560  8.2 55 998.1
1292611620  8.1 55 998.1
1292611680  8.1 55 998.1
1292611740  8.1 55 998.1
1292611800  8.1 55 998.0
1292611860  8.2 55 998.1
1292611920  8.1 55 998.1
1292611980  8.1 55 998.1
1292612040  8.1 55 998.1
1292612100  8.1 56 998.1
1292612160  8.1 56 998.0
1292612220  8.1 55 998.0
1292612280  8.1 55 998.0
1292612340  8.1 56 998.0
1292612400  8.1 55 998.0
1292612460  8.1 55 997.9
1292612520  8.1 55 997.9
1292612580  8.1 55 997.9
1292612640  8.1 55 997.9
1292612700  8.1 55 997.9
1292612760  8.1 55 997.9
1292612820  8.1 55 998.0
1292612880  8.1 55 997.9
1292612940  8.1 56 997.9
1292613000  8.1 55 997.9
1292613060  8.1 55 997.9
1292613120  8.1 56 997.9
1292613180  8.1 55 997.9
1292613240  8.1 55 997.9
1292613300  8.1 55 997.9
1292613420  8.1 55 997.8
1292613480  8.1 55 997.8
1292613540  8.1 55 997.9
1292613600  8.0 55 997.9
1292613660  8.0 55 997.7
1292613720  8.0 55 997.8
1292613780  8.0 55 997.8
1292613840  8.0 55 997.8
1292613900  8.0 55 997.9
1292613960  8.0 55 997.8
1292614020  8.0 55 997.8
1292614080  8.0 55 997.8
1292614140  8.0 55 997.8
1292614200  8.0 55 997.8
1292614260  8.0 55 997.8
1292614320  8.0 55 997.8
1292614380  8.0 55 997.8
1292614440  8.0 55 997.7
1292614500  8.0 55 997.7
1292614560  8.0 55 997.7
1292614620  8.0 55 997.7
1292614680  8.0 55 997.7
1292614740  8.0 55 997.7
1292614800  8.0 55 997.6
1292614920  8.0 55 997.7
1292614980  8.0 55 997.7
1292615040  8.0 55 997.7
1292615100  8.0 55 997.7
1292615160  8.0 55 997.7
1292615220  8.0 55 997.7
1292615280  8.0 55 997.7
1292615340  8.0 55 997.7
1292615400  8.0 55 997.8
1292615460  8.0 55 997.8
1292615520  8.0 55 997.8
1292615580  8.0 55 997.7
1292615640  8.0 55 997.8
1292615700  8.0 55 997.8
1292615760  8.0 55 997.8
1292615820  8.0 55 997.8
1292615880  8.0 55 997.7
1292615940  8.0 55 997.8
1292616000  8.0 55 997.7
1292616060  8.0 55 997.7
1292616120  8.0 55 997.6
1292616180  8.0 55 997.6
1292616240  8.0 55 997.7
1292616300  8.0 55 997.7
1292616360  8.0 55 997.7
1292616420  8.0 55 997.6
1292616480  8.0 55 997.7
1292616540  8.0 55 997.6
1292616600  8.0 55 997.6
1292616660  8.0 55 997.6
1292616720  7.9 55 997.6
1292616780  8.0 55 997.6
1292616840  8.0 55 997.6
1292616900  8.0 55 997.6
1292616960  8.0 55 997.6
1292617140  7.9 55 997.6
1292617200  7.9 55 997.6
1292617260  7.9 55 997.7
1292617320  7.9 55 997.6
1292617380  7.9 55 997.6
1292617440  7.9 55 997.6
1292617500  7.9 55 997.7
1292617560  7.9 55 997.7
1292617620  7.9 55 997.7
1292617680  7.9 55 997.7
1292617740  7.9 55 997.7
1292617800  7.9 55 997.7
1292617860  7.9 55 997.9
1292617920  7.9 55 997.9
1292617980  7.9 55 997.9
1292618040  7.9 55 997.8
1292618100  7.9 55 997.8
1292618160  7.9 55 997.8
1292618220  7.9 55 997.7
1292618280  7.9 55 997.7
1292618460  7.9 55 997.8
1292618520  7.9 55 997.7
1292618580  7.9 55 997.7
1292618640  7.9 55 997.6
1292618700  7.9 55 997.6
1292618760  7.9 55 997.6
1292618820  7.9 55 997.6
1292618880  7.9 55 997.7
1292618940  7.9 55 997.8
1292619000  7.8 55 997.8
1292619060  7.9 55 997.8
1292619120  7.9 55 997.9
1292619180  7.8 55 997.8
1292619240  7.9 55 997.8
1292619300  7.8 55 997.8
1292619360  7.8 55 997.8
1292619420  7.9 55 997.8
1292619480  7.8 55 997.8
1292619540  7.8 55 997.8
1292619600  7.8 55 997.8
1292619660  7.8 55 997.8
1292619720  7.8 55 997.8
1292619780  7.8 55 997.8
1292619840  7.8 55 997.8
1292619900  7.8 55 997.8
1292619960  7.8 55 997.8
1292620020  7.8 55 997.8
1292620080  7.8 55 998.0
1292620140  7.8 55 997.9
1292620200  7.8 55 997.9
1292620260  7.8 55 998.0
1292620320  7.8 55 998.0
1292620380  7.8 55 997.9
1292620440  7.8 55 997.9
1292620500  7.8 55 997.9
1292620560  7.8 55 997.9
1292620740  7.8 55 997.9
1292620800  7.8 55 997.9
1292620860  7.8 55 997.9
1292620920  7.8 55 997.9
1292620980  7.8 55 997.9
1292621040  7.8 55 997.9
1292621100  7.8 55 998.0
1292621160  7.8 55 998.0
1292621220  7.8 55 998.0
1292621280  7.8 55 997.9
1292621340  7.8 55 997.9
1292621400  7.8 55 998.0
1292621460  7.8 55 997.9
1292621520  7.8 55 997.9
1292621580  7.8 55 997.9
1292621640  7.8 55 998.0
1292621700  7.8 55 997.9
1292621760  7.8 55 997.9
1292621820  7.8 55 997.9
1292621880  7.8 55 997.9
1292621940  7.7 55 998.0
1292622000  7.8 55 997.9
1292622060  7.8 55 997.9
1292622120  7.7 55 997.9
1292622180  7.8 55 997.9
1292622240  7.8 55 997.9
1292622300  7.8 55 997.9
1292622360  7.8 55 997.9
1292622420  7.8 55 997.9
1292622480  7.7 55 997.8
1292622540  7.7 55 997.8
1292622600  7.7 55 997.8
1292622660  7.7 55 997.8
1292622720  7.7 55 997.9
1292622780  7.7 55 997.8
1292622840  7.7 55 997.8
1292622900  7.7 55 997.8
1292622960  7.7 55 997.8
1292623020  7.7 55 997.8
1292623080  7.7 55 997.8
1292623140  7.7 55 997.7
1292623200  7.7 55 997.9
1292623260  7.7 55 997.8
1292623320  7.7 55 997.9
1292623380  7.7 55 997.8
1292623440  7.7 55 997.9
1292623500  7.7 55 997.8
1292623560  7.7 55 997.8
1292623620  7.7 55 997.8
1292623680  7.7 55 997.8
1292623740  7.7 55 997.8
1292623800  7.7 55 997.8
1292623860  7.7 55 997.8
1292623920  7.7 55 997.9
1292623980  7.7 55 997.8
1292624040  7.7 55 997.8
1292624100  7.7 55 997.8
1292624160  7.6 55 997.8
1292624220  7.7 55 997.8
1292624280  7.7 55 997.8
1292624340  7.7 55 997.8
1292624400  7.7 55 997.8
1292624460  7.7 55 997.8
1292624520  7.7 55 997.8
1292624580  7.7 55 997.8
1292624640  7.7 55 997.8
1292624700  7.7 55 997.8
1292624760  7.7 55 997.8
1292624820  7.6 55 997.8
1292624880  7.6 55 997.8
1292624940  7.6 55 997.8
1292625000  7.7 55 997.8
1292625060  7.7 54 997.8
1292625120  7.6 55 997.8
1292625180  7.6 55 997.7
1292625240  7.6 55 997.8
1292625300  7.6 55 997.8
1292625360  7.6 55 997.7
1292625420  7.6 55 997.7
1292625480  7.6 55 997.7
1292625540  7.6 55 997.7
1292625600  7.6 55 997.7
1292625660  7.6 55 997.7
1292625720  7.6 55 997.7
1292625780  7.6 55 997.7
1292625840  7.6 55 997.6
1292625900  7.6 55 997.6
1292625960  7.6 54 997.7
1292626020  7.6 55 997.6
1292626080  7.6 55 997.6
1292626140  7.6 55 997.6
1292626200  7.6 55 997.6
1292626260  7.6 55 997.6
1292626320  7.6 55 997.6
1292626380  7.6 55 997.5
1292626440  7.6 55 997.5
1292626500  7.6 55 997.6
1292626560  7.6 55 997.5
1292626620  7.6 55 997.5
1292626680  7.6 55 997.5
1292626740  7.6 55 997.5
1292626800  7.6 55 997.4
1292626860  7.6 54 997.4
1292626920  7.6 54 997.4
1292626980  7.6 54 997.4
1292627040  7.6 55 997.4
1292627100  7.6 55 997.4
1292627160  7.6 55 997.3
1292627220  7.6 55 997.3
1292627280  7.6 55 997.3
1292627340  7.6 55 997.3
1292627400  7.6 55 997.3
1292627460  7.6 55 997.3
1292627520  7.6 55 997.3
1292627580  7.6 55 997.3
1292627640  7.6 55 997.3
1292627700  7.6 55 997.3
1292627760  7.6 54 997.4
1292627820  7.6 54 997.3
1292627880  7.6 54 997.3
1292627940  7.6 54 997.3
1292628000  7.6 55 997.3
1292628060  7.6 55 997.3
1292628120  7.6 55 997.4
1292628180  7.6 55 997.5
1292628240  7.6 55 997.3
1292628300  7.6 55 997.3
1292628360  7.6 55 997.3
1292628420  7.6 55 997.3
1292628480  7.6 55 997.3
1292628540  7.6 55 997.3
1292628600  7.6 55 997.3
1292628660  7.6 54 997.3
1292628720  7.6 54 997.3
1292628780  7.6 54 997.3
1292628840  7.6 55 997.4
1292628900  7.6 55 997.3
1292628960  7.6 55 997.3
1292629020  7.6 55 997.3
1292629080  7.6 55 997.3
1292629140  7.6 55 997.3
1292629200  7.6 55 997.2
1292629260  7.6 55 997.1
1292629320  7.6 55 997.2
1292629380  7.6 54 997.1
1292629440  7.6 55 997.2
1292629500  7.6 55 997.1
1292629560  7.5 54 997.1
1292629620  7.5 54 997.1
1292629680  7.5 54 997.1
1292629740  7.5 54 997.1
1292629800  7.5 54 997.1
1292629860  7.5 55 997.2
1292629920  7.5 54 997.1
1292629980  7.5 54 997.1
1292630040  7.5 54 997.1
1292630100  7.5 54 997.0
1292630160  7.5 55 997.1
1292630220  7.5 55 997.0
1292630280  7.5 54 997.0
1292630340  7.5 54 997.0
