1291507200  7.2 60 1005.0
1291507260  7.2 60 1005.0
1291507320  7.2 60 1005.0
1291507380  7.2 60 1005.1
1291507440  7.2 60 1005.1
1291507500  7.2 60 1005.1
1291507560  7.2 60 1005.0
1291507620  7.2 60 1005.1
1291507680  7.2 60 1005.1
1291507740  7.2 60 1005.0
1291507800  7.2 60 1005.0
1291507860  7.2 60 1005.0
1291507920  7.2 60 1005.1
1291507980  7.2 60 1005.1
1291508040  7.2 60 1005.0
1291508100  7.3 60 1005.0
1291508160  7.2 60 1005.1
1291508220  7.2 60 1005.1
1291508280  7.2 60 1005.2
1291508340  7.3 60 1005.2
1291508400  7.2 60 1005.2
1291508460  7.2 60 1005.2
1291508520  7.3 59 1005.2
1291508580  7.2 60 1005.2
1291508640  7.2 60 1005.2
1291508700  7.2 59 1005.2
1291508760  7.3 60 1005.1
1291508820  7.3 59 1005.2
1291508880  7.3 59 1005.2
1291508940  7.2 59 1005.2
1291509000  7.3 59 1005.2
1291509060  7.3 59 1005.2
1291509120  7.3 59 1005.2
1291509180  7.3 59 1005.2
1291509240  7.3 59 1005.1
1291509300  7.3 59 1005.1
1291509360  7.3 59 1005.1
1291509420  7.3 59 1005.2
1291509480  7.3 59 1005.1
1291509540  7.3 59 1005.1
1291509600  7.3 59 1005.1
1291509660  7.3 59 1005.1
1291509720  7.3 59 1005.1
1291509840  7.3 59 1005.2
1291509900  7.3 59 1005.1
1291509960  7.3 59 1005.2
1291510020  7.3 59 1005.0
1291510080  7.3 59 1005.2
1291510140  7.3 59 1005.2
1291510200  7.3 59 1005.2
1291510260  7.3 59 1005.2
1291510320  7.3 59 1005.2
1291510380  7.3 59 1005.2
1291510440  7.3 59 1005.2
1291510500  7.3 59 1005.3
1291510560  7.3 59 1005.2
1291510620  7.3 59 1005.3
1291510680  7.3 59 1005.3
1291510740  7.3 59 1005.1
1291510800  7.3 59 1005.1
1291510860  7.3 59 1005.1
1291510920  7.3 59 1005.2
1291510980  7.3 59 1005.0
1291511040  7.3 59 1005.0
1291511100  7.3 59 1005.0
1291511160  7.3 59 1005.1
1291511220  7.3 59 1005.0
1291511280  7.3 59 1005.0
1291511340  7.3 59 1005.0
1291511400  7.3 59 1005.0
1291511460  7.3 59 1005.0
1291511520  7.3 59 1005.0
1291511580  7.3 59 1005.1
1291511640  7.3 59 1005.1
1291511700  7.3 59 1005.0
1291511760  7.3 59 1005.0
1291511820  7.3 59 1005.0
1291511880  7.3 59 1005.0
1291511940  7.3 59 1005.0
1291512000  7.3 59 1005.0
1291512060  7.3 59 1005.0
1291512120  7.3 59 1005.0
1291512180  7.3 59 1005.1
1291512240  7.3 59 1005.1
1291512300  7.3 59 1005.0
1291512360  7.3 59 1005.1
1291512420  7.3 59 1005.2
1291512480  7.3 59 1005.3
1291512540  7.3 59 1005.2
1291512600  7.3 59 1005.2
1291512660  7.3 59 1005.3
1291512720  7.3 59 1005.2
1291512780  7.3 59 1005.2
1291512840  7.3 59 1005.2
1291512900  7.3 59 1005.2
1291512960  7.3 59 1005.3
1291513020  7.3 59 1005.3
1291513080  7.3 59 1005.2
1291513140  7.3 59 1005.3
1291513200  7.3 59 1005.3
1291513260  7.3 59 1005.3
1291513320  7.3 59 1005.3
1291513380  7.3 59 1005.3
1291513440  7.3 59 1005.3
1291513500  7.3 59 1005.3
1291513560  7.3 59 1005.3
1291513620  7.3 59 1005.3
1291513680  7.3 59 1005.3
1291513740  7.3 59 1005.3
1291513800  7.3 59 1005.4
1291513860  7.3 59 1005.3
1291513920  7.3 59 1005.4
1291513980  7.3 59 1005.4
1291514040  7.3 59 1005.4
1291514100  7.3 59 1005.4
1291514160  7.3 59 1005.4
1291514220  7.3 59 1005.4
1291514280  7.3 59 1005.4
1291514340  7.3 59 1005.4
1291514400  7.3 59 1005.4
1291514460  7.3 59 1005.3
1291514520  7.3 59 1005.3
1291514580  7.3 59 1005.3
1291514640  7.3 59 1005.4
1291514700  7.3 59 1005.4
1291514760  7.3 59 1005.3
1291514820  7.3 59 1005.3
1291514880  7.3 59 1005.3
1291514940  7.3 59 1005.3
1291515000  7.3 59 1005.3
1291515060  7.3 59 1005.4
1291515120  7.3 59 1005.4
1291515180  7.3 59 1005.4
1291515240  7.3 59 1005.3
1291515300  7.3 59 1005.4
1291515360  7.3 59 1005.4
1291515420  7.3 59 1005.4
1291515480  7.3 59 1005.4
1291515540  7.3 59 1005.4
1291515600  7.3 59 1005.4
1291515660  7.3 59 1005.4
1291515720  7.3 59 1005.4
1291515780  7.3 59 1005.4
1291515840  7.3 59 1005.5
1291515900  7.3 59 1005.5
1291515960  7.3 59 1005.5
1291516020  7.3 59 1005.5
1291516080  7.3 59 1005.5
1291516140  7.3 59 1005.5
1291516200  7.3 59 1005.4
1291516260  7.3 59 1005.4
1291516320  7.3 59 1005.4
1291516380  7.3 59 1005.4
1291516440  7.3 59 1005.4
1291516500  7.3 59 1005.4
1291516560  7.3 59 1005.4
1291516620  7.3 59 1005.4
1291516680  7.3 59 1005.3
1291516740  7.3 59 1005.4
1291516800  7.3 59 1005.4
1291516860  7.3 59 1005.4
1291516920  7.3 59 1005.4
1291516980  7.3 59 1005.4
1291517040  7.3 59 1005.4
1291517100  7.3 59 1005.4
1291517160  7.3 59 1005.4
1291517220  7.3 59 1005.4
1291517280  7.3 59 1005.4
1291517340  7.3 59 1005.4
1291517400  7.3 59 1005.4
1291517460  7.3 59 1005.4
1291517520  7.3 59 1005.4
1291517580  7.3 59 1005.4
1291517640  7.3 59 1005.4
1291517700  7.3 59 1005.4
1291517760  7.3 59 1005.4
1291517820  7.3 59 1005.4
1291517880  7.3 59 1005.4
1291517940  7.3 59 1005.4
1291518000  7.3 59 1005.4
1291518060  7.3 59 1005.4
1291518120  7.3 59 1005.4
1291518180  7.3 59 1005.4
1291518240  7.3 59 1005.4
1291518300  7.3 59 1005.4
1291518360  7.3 59 1005.4
1291518420  7.3 59 1005.4
1291518480  7.3 59 1005.4
1291518540  7.3 59 1005.4
1291518600  7.3 59 1005.4
1291518660  7.3 59 1005.5
1291518720  7.3 59 1005.4
1291518780  7.3 59 1005.4
1291518840  7.3 59 1005.4
1291518900  7.3 59 1005.4
1291518960  7.3 59 1005.4
1291519020  7.3 59 1005.4
1291519080  7.3 59 1005.4
1291519140  7.3 59 1005.4
1291519200  7.3 59 1005.4
1291519260  7.3 59 1005.4
1291519320  7.3 59 1005.4
1291519380  7.3 59 1005.4
1291519440  7.3 59 1005.4
1291519500  7.3 59 1005.5
1291519560  7.3 59 1005.5
1291519620  7.3 59 1005.5
1291519680  7.3 59 1005.5
1291519740  7.3 59 1005.5
1291519800  7.3 59 1005.5
1291519860  7.3 59 1005.5
1291519920  7.3 59 1005.6
1291519980  7.3 59 1005.6
1291520040  7.3 59 1005.6
1291520100  7.3 59 1005.6
1291520160  7.3 59 1005.6
1291520220  7.3 59 1005.6
1291520280  7.3 59 1005.6
1291520340  7.3 59 1005.6
1291520400  7.3 59 1005.6
1291520460  7.3 59 1005.5
1291520520  7.3 59 1005.6
1291520580  7.3 59 1005.6
1291520640  7.3 59 1005.6
1291520700  7.3 59 1005.6
1291520760  7.3 59 1005.6
1291520820  7.3 59 1005.6
1291520880  7.3 59 1005.6
1291520940  7.3 59 1005.6
1291521000  7.3 59 1005.6
1291521060  7.3 59 1005.6
1291521120  7.3 59 1005.6
1291521180  7.3 59 1005.6
1291521240  7.3 59 1005.6
1291521300  7.3 59 1005.6
1291521360  7.3 59 1005.6
1291521420  7.3 59 1005.6
1291521480  7.3 59 1005.6
1291521540  7.3 59 1005.7
1291521600  7.3 59 1005.7
1291521660  7.3 59 1005.6
1291521720  7.3 59 1005.7
1291521780  7.3 59 1005.7
1291521840  7.3 59 1005.7
1291521900  7.3 59 1005.7
1291521960  7.3 59 1005.6
1291522020  7.3 59 1005.6
1291522080  7.3 59 1005.6
1291522140  7.3 59 1005.7
1291522200  7.3 59 1005.6
1291522260  7.3 59 1005.7
1291522320  7.3 59 1005.7
1291522380  7.3 59 1005.7
1291522440  7.3 59 1005.7
1291522500  7.3 59 1005.7
1291522560  7.3 59 1005.7
1291522620  7.3 59 1005.7
1291522680  7.3 59 1005.7
1291522740  7.3 59 1005.7
1291522800  7.3 59 1005.6
1291522860  7.3 59 1005.8
1291522920  7.3 59 1005.7
1291522980  7.3 59 1005.7
1291523040  7.3 59 1005.7
1291523100  7.3 59 1005.7
1291523160  7.3 59 1005.7
1291523220  7.3 59 1005.7
1291523280  7.3 59 1005.7
1291523340  7.3 59 1005.6
1291523400  7.3 59 1005.7
1291523460  7.3 59 1005.6
1291523520  7.3 59 1005.6
1291523580  7.3 59 1005.6
1291523640  7.3 59 1005.6
1291523700  7.3 59 1005.6
1291523760  7.3 59 1005.6
1291523820  7.3 59 1005.6
1291523880  7.3 59 1005.6
1291523940  7.3 59 1005.6
1291524000  7.3 59 1005.6
1291524060  7.3 59 1005.6
1291524120  7.3 59 1005.7
1291524180  7.3 59 1005.6
1291524240  7.3 59 1005.6
1291524300  7.3 59 1005.6
1291524360  7.3 59 1005.6
1291524420  7.3 59 1005.6
1291524480  7.3 59 1005.6
1291524540  7.3 59 1005.7
1291524600  7.3 59 1005.7
1291524660  7.3 59 1005.6
1291524720  7.3 59 1005.7
1291524780  7.3 59 1005.7
1291524840  7.3 59 1005.7
1291524900  7.3 59 1005.6
1291524960  7.3 59 1005.6
1291525020  7.3 59 1005.6
1291525080  7.3 59 1005.7
1291525140  7.3 59 1005.7
1291525200  7.3 59 1005.7
1291525260  7.3 59 1005.7
1291525320  7.3 59 1005.8
1291525380  7.3 59 1005.8
1291525440  7.3 59 1005.7
1291525500  7.3 59 1005.7
1291525560  7.3 59 1005.7
1291525620  7.3 59 1005.7
1291525680  7.3 59 1005.7
1291525740  7.3 59 1005.6
1291525800  7.3 59 1005.6
1291525860  7.3 59 1005.7
1291525920  7.3 59 1005.7
1291525980  7.3 59 1005.8
1291526040  7.3 59 1005.8
1291526100  7.3 59 1005.8
1291526160  7.3 59 1005.8
1291526220  7.3 59 1005.8
1291526280  7.3 59 1005.9
1291526340  7.3 59 1005.9
1291526400  7.3 59 1005.8
1291526460  7.3 59 1005.8
1291526520  7.3 59 1005.7
1291526580  7.3 59 1005.8
1291526640  7.3 59 1005.8
1291526700  7.3 59 1005.8
1291526760  7.3 59 1005.8
1291526820  7.3 59 1005.8
1291526880  7.3 59 1005.8
1291526940  7.3 59 1005.8
1291527000  7.3 59 1005.8
1291527060  7.3 59 1005.7
1291527120  7.3 59 1005.9
1291527180  7.3 59 1005.8
1291527240  7.3 59 1005.9
1291527300  7.3 59 1005.9
1291527360  7.3 59 1005.9
1291527420  7.3 59 1005.9
1291527480  7.3 59 1005.9
1291527540  7.3 59 1005.8
1291527600  7.3 59 1005.7
1291527660  7.3 59 1005.7
1291527720  7.3 59 1005.8
1291527780  7.3 59 1005.8
1291527840  7.3 59 1005.7
1291527900  7.3 59 1005.7
1291527960  7.3 59 1005.7
1291528020  7.3 59 1005.7
1291528080  7.3 59 1005.7
1291528140  7.3 59 1005.7
1291528200  7.3 59 1005.8
1291528260  7.3 59 1005.7
1291528320  7.3 59 1005.7
1291528380  7.3 59 1005.6
1291528440  7.3 59 1005.6
1291528500  7.3 59 1005.6
1291528560  7.3 59 1005.6
1291528620  7.3 59 1005.6
1291528740  7.3 59 1005.6
1291528800  7.3 59 1005.6
1291528860  7.3 59 1005.6
1291528920  7.3 59 1005.7
1291528980  7.2 59 1005.7
1291529040  7.3 59 1005.6
1291529100  7.3 59 1005.6
1291529160  7.3 59 1005.6
1291529220  7.3 59 1005.6
1291529280  7.3 59 1005.7
1291529340  7.2 59 1005.7
1291529400  7.3 59 1005.7
1291529460  7.2 59 1005.6
1291529520  7.3 59 1005.6
1291529580  7.3 59 1005.7
1291529640  7.3 59 1005.6
1291529700  7.3 59 1005.6
1291529760  7.3 59 1005.6
1291529820  7.2 59 1005.6
1291529880  7.3 59 1005.7
1291529940  7.3 59 1005.7
1291530000  7.3 59 1005.7
1291530060  7.3 59 1005.8
1291530120  7.3 59 1005.7
1291530180  7.3 59 1005.9
1291530240  7.2 59 1005.8
1291530300  7.3 59 1005.7
1291530360  7.3 59 1005.7
1291530420  7.3 59 1005.7
1291530480  7.2 59 1005.8
1291530540  7.3 59 1005.9
1291530600  7.3 59 1005.8
1291530660  7.3 59 1005.8
1291530720  7.3 59 1005.8
1291530780  7.3 59 1005.9
1291530840  7.3 59 1005.9
1291530900  7.2 59 1005.8
1291530960  7.2 59 1005.8
1291531020  7.3 59 1005.8
1291531080  7.3 59 1005.8
1291531140  7.2 59 1005.8
1291531200  7.3 59 1005.8
1291531260  7.3 59 1005.7
1291531320  7.3 59 1005.8
1291531380  7.3 59 1005.8
1291531440  7.3 59 1005.8
1291531500  7.3 59 1005.9
1291531560  7.3 59 1005.9
1291531620  7.3 59 1005.9
1291531680  7.3 59 1005.7
1291531740  7.3 59 1005.7
1291531800  7.2 59 1005.7
1291531860  7.3 59 1005.7
1291531920  7.3 59 1005.7
1291531980  7.2 59 1005.7
1291532040  7.3 59 1005.7
1291532100  7.3 59 1005.7
1291532160  7.3 59 1005.7
1291532220  7.2 59 1005.7
1291532280  7.2 59 1005.7
1291532340  7.3 59 1005.7
1291532400  7.3 59 1005.7
1291532460  7.3 59 1005.7
1291532520  7.3 59 1005.7
1291532580  7.2 59 1005.7
1291532640  7.3 59 1005.7
1291532700  7.3 59 1005.7
1291532760  7.3 59 1005.7
1291532820  7.2 59 1005.7
1291532880  7.2 59 1005.7
1291532940  7.2 59 1005.8
1291533000  7.2 59 1005.7
1291533060  7.2 59 1005.7
1291533120  7.3 59 1005.8
1291533180  7.2 59 1005.7
1291533240  7.2 59 1005.9
1291533300  7.3 59 1005.8
1291533360  7.2 59 1005.8
1291533420  7.2 59 1005.8
1291533480  7.2 59 1005.8
1291533540  7.2 59 1005.8
1291533600  7.2 59 1005.8
1291533660  7.2 59 1005.8
1291533720  7.2 59 1005.8
1291533780  7.2 59 1005.8
1291533840  7.2 59 1005.7
1291533900  7.2 59 1005.8
1291533960  7.2 59 1005.8
1291534020  7.2 59 1005.7
1291534080  7.2 59 1005.7
1291534140  7.3 59 1005.7
1291534200  7.3 59 1005.8
1291534260  7.2 59 1005.7
1291534320  7.2 59 1005.9
1291534380  7.2 59 1005.8
1291534440  7.2 59 1005.8
1291534500  7.2 59 1005.9
1291534560  7.2 59 1005.7
1291534620  7.2 59 1005.9
1291534680  7.2 59 1005.9
1291534740  7.2 59 1005.9
1291534800  7.2 59 1005.9
1291534860  7.2 59 1005.9
1291534920  7.3 59 1005.9
1291534980  7.2 59 1006.0
1291535040  7.3 59 1005.9
1291535100  7.2 59 1005.9
1291535160  7.2 59 1006.0
1291535220  7.3 59 1005.9
1291535280  7.3 59 1005.9
1291535340  7.2 59 1005.9
1291535400  7.2 59 1006.0
1291535460  7.2 59 1005.9
1291535520  7.2 59 1006.0
1291535580  7.2 59 1006.0
1291535640  7.2 59 1006.1
1291535700  7.2 59 1006.1
1291535760  7.3 59 1006.1
1291535820  7.2 59 1006.0
1291535880  7.2 59 1006.0
1291535940  7.2 59 1006.0
1291536000  7.2 59 1006.1
1291536060  7.2 59 1006.1
1291536120  7.2 59 1006.2
1291536180  7.2 59 1006.3
1291536240  7.2 59 1006.3
1291536300  7.2 59 1006.1
1291536360  7.2 59 1006.2
1291536420  7.2 59 1006.2
1291536480  7.2 59 1006.2
1291536540  7.2 59 1006.2
1291536600  7.2 59 1006.1
1291536660  7.2 59 1006.1
1291536720  7.2 59 1006.2
1291536780  7.2 59 1006.1
1291536840  7.2 59 1006.1
1291536900  7.2 59 1006.2
1291536960  7.2 59 1006.2
1291537020  7.2 59 1006.1
1291537080  7.2 59 1006.1
1291537140  7.2 59 1006.1
1291537200  7.2 59 1006.3
1291537260  7.2 59 1006.1
1291537320  7.2 59 1006.0
1291537380  7.2 59 1006.1
1291537440  7.2 59 1006.1
1291537500  7.2 59 1006.2
1291537560  7.2 59 1006.1
1291537620  7.2 59 1006.1
1291537680  7.2 59 1006.1
1291537740  7.2 59 1006.1
1291537800  7.2 59 1006.2
1291537860  7.2 59 1006.2
1291537920  7.2 59 1006.4
1291537980  7.2 59 1006.4
1291538040  7.2 59 1006.4
1291538100  7.2 59 1006.5
1291538160  7.2 59 1006.4
1291538220  7.2 59 1006.4
1291538280  7.2 59 1006.4
1291538340  7.2 59 1006.4
1291538400  7.2 59 1006.4
1291538460  7.2 59 1006.5
1291538520  7.2 59 1006.5
1291538580  7.2 59 1006.5
1291538640  7.2 59 1006.5
1291538700  7.2 59 1006.5
1291538760  7.2 59 1006.5
1291538820  7.2 59 1006.6
1291538880  7.2 59 1006.6
1291538940  7.2 59 1006.6
1291539000  7.2 59 1006.5
1291539060  7.2 59 1006.5
1291539120  7.2 59 1006.5
1291539180  7.2 59 1006.5
1291539240  7.2 59 1006.5
1291539300  7.2 59 1006.5
1291539360  7.2 59 1006.5
1291539420  7.2 59 1006.4
1291539480  7.2 59 1006.4
1291539540  7.2 59 1006.4
1291539600  7.2 59 1006.4
1291539660  7.2 59 1006.4
1291539720  7.2 59 1006.5
1291539780  7.2 59 1006.4
1291539840  7.2 59 1006.4
1291539900  7.2 59 1006.4
1291539960  7.2 59 1006.4
1291540020  7.2 59 1006.4
1291540080  7.2 59 1006.4
1291540140  7.2 59 1006.4
1291540200  7.2 59 1006.4
1291540260  7.2 59 1006.4
1291540320  7.2 59 1006.5
1291540380  7.2 59 1006.4
1291540440  7.2 59 1006.4
1291540500  7.2 59 1006.4
1291540560  7.2 59 1006.4
1291540620  7.2 59 1006.5
1291540680  7.2 59 1006.5
1291540740  7.2 59 1006.5
1291540800  7.2 59 1006.5
1291540860  7.2 59 1006.5
1291540920  7.2 59 1006.5
1291540980  7.2 59 1006.4
1291541040  7.2 59 1006.5
1291541100  7.2 59 1006.5
1291541160  7.2 59 1006.5
1291541220  7.2 59 1006.5
1291541280  7.2 59 1006.5
1291541340  7.2 59 1006.5
1291541400  7.2 59 1006.5
1291541460  7.2 59 1006.5
1291541520  7.2 59 1006.5
1291541580  7.2 59 1006.5
1291541640  7.2 59 1006.5
1291541700  7.3 59 1006.5
1291541760  7.2 59 1006.5
1291541820  7.2 59 1006.5
1291541880  7.2 59 1006.5
1291541940  7.2 59 1006.5
1291542000  7.2 59 1006.5
1291542060  7.2 59 1006.5
1291542120  7.2 59 1006.5
1291542180  7.2 59 1006.5
1291542240  7.2 59 1006.5
1291542300  7.3 59 1006.5
1291542360  7.2 59 1006.4
1291542420  7.2 59 1006.4
1291542480  7.2 59 1006.4
1291542540  7.2 59 1006.4
1291542600  7.2 59 1006.5
1291542660  7.2 59 1006.5
1291542720  7.2 59 1006.4
1291542780  7.2 59 1006.5
1291542840  7.2 59 1006.5
1291542900  7.2 59 1006.5
1291542960  7.2 59 1006.5
1291543020  7.3 59 1006.5
1291543080  7.3 59 1006.5
1291543140  7.3 59 1006.5
1291543200  7.3 59 1006.5
1291543260  7.3 59 1006.5
1291543320  7.2 59 1006.6
1291543380  7.2 59 1006.5
1291543440  7.2 59 1006.5
1291543500  7.2 59 1006.5
1291543560  7.2 59 1006.5
1291543620  7.2 59 1006.5
1291543680  7.2 59 1006.6
1291543740  7.2 59 1006.5
1291543800  7.2 59 1006.5
1291543860  7.2 59 1006.5
1291543920  7.2 59 1006.5
1291543980  7.2 59 1006.6
1291544040  7.2 59 1006.6
1291544100  7.2 59 1006.6
1291544160  7.2 59 1006.6
1291544220  7.2 59 1006.6
1291544280  7.2 59 1006.7
1291544340  7.2 59 1006.6
1291544400  7.2 59 1006.6
1291544460  7.2 59 1006.6
1291544520  7.2 59 1006.7
1291544580  7.2 59 1006.7
1291544640  7.2 59 1006.7
1291544700  7.2 59 1006.6
1291544760  7.2 59 1006.6
1291544820  7.2 59 1006.6
1291544880  7.2 59 1006.6
1291544940  7.2 59 1006.6
1291545000  7.2 59 1006.6
1291545060  7.2 59 1006.6
1291545120  7.2 59 1006.6
1291545180  7.2 59 1006.5
1291545240  7.2 59 1006.5
1291545300  7.2 59 1006.6
1291545360  7.2 59 1006.6
1291545420  7.2 59 1006.6
1291545480  7.2 59 1006.5
1291545540  7.2 59 1006.6
1291545600  7.3 59 1006.6
1291545660  7.3 59 1006.6
1291545720  7.3 59 1006.6
1291545780  7.2 59 1006.6
1291545840  7.3 59 1006.6
1291545900  7.3 59 1006.5
1291545960  7.2 59 1006.5
1291546020  7.3 59 1006.6
1291546080  7.3 59 1006.6
1291546140  7.2 59 1006.5
1291546200  7.3 59 1006.5
1291546260  7.3 59 1006.5
1291546320  7.3 59 1006.5
1291546380  7.3 59 1006.5
1291546440  7.3 59 1006.5
1291546500  7.3 59 1006.5
1291546560  7.3 59 1006.5
1291546620  7.3 59 1006.4
1291546740  7.3 59 1006.5
1291546800  7.3 59 1006.5
1291546860  7.3 59 1006.5
1291546920  7.3 59 1006.4
1291546980  7.3 59 1006.3
1291547040  7.3 59 1006.4
1291547100  7.3 59 1006.4
1291547160  7.4 59 1006.4
1291547220  7.3 59 1006.2
1291547280  7.4 59 1006.4
1291547340  7.4 59 1006.3
1291547400  7.4 59 1006.3
1291547460  7.4 59 1006.3
1291547520  7.4 59 1006.3
1291547580  7.4 59 1006.3
1291547640  7.4 59 1006.4
1291547700  7.4 59 1006.4
1291547760  7.4 59 1006.3
1291547820  7.4 59 1006.4
1291547880  7.4 59 1006.4
1291547940  7.4 59 1006.4
1291548000  7.4 59 1006.4
1291548060  7.4 59 1006.4
1291548120  7.4 59 1006.4
1291548180  7.4 59 1006.3
1291548240  7.4 59 1006.4
1291548300  7.4 59 1006.5
1291548360  7.4 59 1006.3
1291548420  7.5 59 1006.4
1291548480  7.5 59 1006.3
1291548540  7.5 59 1006.3
1291548600  7.5 59 1006.2
1291548660  7.5 59 1006.2
1291548720  7.5 59 1006.2
1291548780  7.5 59 1006.3
1291548840  7.5 59 1006.2
1291548900  7.5 59 1006.2
1291548960  7.5 59 1006.2
1291549020  7.5 59 1006.2
1291549080  7.5 59 1006.2
1291549140  7.5 59 1006.1
1291549200  7.5 59 1006.1
1291549260  7.5 59 1006.1
1291549320  7.5 59 1006.1
1291549380  7.5 59 1006.2
1291549440  7.5 59 1006.2
1291549500  7.5 59 1006.1
1291549560  7.5 59 1006.1
1291549620  7.5 59 1006.1
1291549740  7.5 59 1006.1
1291549800  7.5 59 1006.1
1291549860  7.5 59 1006.1
1291549920  7.6 59 1006.1
1291549980  7.6 59 1006.2
1291550040  7.5 59 1006.2
1291550100  7.6 59 1006.1
1291550160  7.6 59 1006.2
1291550220  7.6 59 1006.2
1291550280  7.6 59 1006.2
1291550340  7.6 59 1006.2
1291550400  7.6 59 1006.2
1291550460  7.6 59 1006.2
1291550520  7.6 59 1006.1
1291550580  7.6 59 1006.3
1291550640  7.6 59 1006.2
1291550700  7.6 59 1006.4
1291550760  7.6 59 1006.2
1291550820  7.6 59 1006.3
1291550880  7.5 59 1006.2
1291550940  7.6 59 1006.2
1291551000  7.6 59 1006.2
1291551060  7.6 59 1006.2
1291551120  7.6 59 1006.2
1291551180  7.6 59 1006.2
1291551240  7.6 59 1006.2
1291551300  7.6 59 1006.3
1291551360  7.6 59 1006.1
1291551420  7.6 59 1006.2
1291551480  7.6 59 1006.1
1291551540  7.6 59 1006.0
1291551600  7.6 59 1006.1
1291551660  7.6 59 1006.0
1291551720  7.6 59 1006.2
1291551780  7.6 59 1006.2
1291551840  7.6 59 1006.2
1291551900  7.6 59 1006.0
1291551960  7.6 59 1006.0
1291552020  7.6 59 1006.0
1291552080  7.6 59 1006.1
1291552140  7.6 59 1006.1
1291552200  7.6 59 1006.0
1291552260  7.6 59 1006.1
1291552320  7.6 59 1006.0
1291552380  7.6 59 1006.0
1291552440  7.6 59 1006.0
1291552500  7.6 59 1006.0
1291552560  7.6 59 1006.1
1291552620  7.6 59 1006.1
1291552680  7.6 59 1006.1
1291552740  7.6 59 1006.1
1291552800  7.6 59 1006.1
1291552860  7.6 59 1006.1
1291552920  7.6 59 1006.1
1291552980  7.6 59 1006.1
1291553040  7.6 59 1006.1
1291553100  7.6 59 1006.1
1291553160  7.6 59 1006.0
1291553340  7.6 59 1006.0
1291553400  7.6 59 1006.0
1291553460  7.6 59 1005.9
1291553520  7.6 59 1005.9
1291553580  7.6 59 1005.9
1291553640  7.6 59 1006.0
1291553700  7.6 59 1006.0
1291553760  7.6 59 1006.0
1291553820  7.6 59 1005.9
1291553880  7.7 59 1005.9
1291553940  7.6 59 1006.0
1291554000  7.6 59 1005.9
1291554060  7.6 59 1006.0
1291554120  7.6 59 1006.0
1291554180  7.6 59 1006.0
1291554240  7.7 59 1005.9
1291554300  7.7 59 1005.9
1291554360  7.7 59 1005.9
1291554420  7.7 59 1005.9
1291554480  7.7 59 1005.9
1291554540  7.7 59 1005.9
1291554600  7.7 59 1005.8
1291554660  7.7 59 1005.8
1291554720  7.7 59 1005.8
1291554780  7.7 59 1005.8
1291554840  7.7 59 1005.9
1291554900  7.7 59 1005.8
1291554960  7.7 59 1005.8
1291555020  7.7 59 1005.7
1291555080  7.8 59 1005.8
1291555140  7.8 59 1005.8
1291555200  7.7 59 1005.8
1291555260  7.8 59 1005.8
1291555320  7.7 59 1005.8
1291555380  7.7 59 1005.8
1291555440  7.8 59 1005.8
1291555500  7.8 59 1005.8
1291555560  7.8 59 1005.7
1291555620  7.8 59 1005.6
1291555680  7.8 59 1005.7
1291555740  7.8 59 1005.6
1291555800  7.8 59 1005.6
1291555860  7.8 59 1005.6
1291555920  7.8 59 1005.6
1291555980  7.8 59 1005.6
1291556040  7.9 59 1005.6
1291556100  7.9 59 1005.5
1291556160  7.9 59 1005.5
1291556220  7.9 59 1005.5
1291556280  7.9 59 1005.5
1291556340  7.9 59 1005.4
1291556400  7.9 59 1005.4
1291556460  7.9 59 1005.4
1291556520  7.9 59 1005.4
1291556580  7.9 59 1005.4
1291556640  7.9 59 1005.3
1291556700  7.9 59 1005.4
1291556760  8.0 59 1005.4
1291556820  8.0 59 1005.4
1291556880  8.0 59 1005.4
1291556940  8.0 59 1005.3
1291557000  8.0 59 1005.6
1291557060  8.0 59 1005.6
1291557120  8.0 59 1005.7
1291557180  8.0 59 1005.7
1291557240  8.0 59 1005.7
1291557300  8.0 59 1005.6
1291557360  8.0 59 1005.6
1291557420  8.0 59 1005.6
1291557480  8.0 59 1005.6
1291557540  8.0 59 1005.7
1291557600  8.0 59 1005.5
1291557660  8.0 59 1005.5
1291557720  8.0 59 1005.5
1291557780  8.0 59 1005.5
1291557840  8.0 59 1005.5
1291557900  8.0 59 1005.5
1291557960  8.0 59 1005.4
1291558020  8.0 59 1005.5
1291558080  8.0 59 1005.4
1291558140  8.0 59 1005.4
1291558200  8.0 59 1005.4
1291558260  8.1 59 1005.5
1291558320  8.1 59 1005.6
1291558380  8.1 59 1005.6
1291558440  8.1 59 1005.6
1291558500  8.0 59 1005.6
1291558560  8.0 59 1005.6
1291558620  8.1 59 1005.5
1291558680  8.0 59 1005.6
1291558740  8.0 59 1005.6
1291558800  8.0 59 1005.6
1291558860  8.1 59 1005.6
1291558920  8.0 59 1005.6
1291558980  8.0 59 1005.6
1291559040  8.0 59 1005.6
1291559100  8.1 59 1005.6
1291559160  8.0 59 1005.6
1291559220  8.0 59 1005.6
1291559280  8.0 59 1005.6
1291559340  8.0 59 1005.6
1291559400  8.0 59 1005.6
1291559460  8.0 58 1005.6
1291559520  8.1 59 1005.7
1291559580  8.1 59 1005.7
1291559640  8.1 59 1005.7
1291559700  8.0 59 1005.6
1291559760  8.0 59 1005.8
1291559820  8.0 59 1005.8
1291559880  8.0 58 1005.8
1291559940  8.1 58 1005.8
1291560000  8.0 58 1005.9
1291560060  8.0 58 1005.8
1291560120  8.0 58 1005.9
1291560180  8.0 58 1005.9
1291560240  8.0 58 1005.9
1291560300  8.0 58 1005.9
1291560360  8.0 58 1006.0
1291560420  8.0 58 1005.9
1291560480  8.0 58 1005.9
1291560540  8.0 58 1005.8
1291560600  8.0 58 1005.9
1291560660  8.0 58 1005.9
1291560720  8.0 58 1005.9
1291560780  8.0 58 1005.9
1291560840  8.0 58 1005.9
1291560900  8.0 58 1005.9
1291560960  8.0 58 1005.9
1291561020  8.0 58 1006.0
1291561080  8.0 58 1006.0
1291561140  8.0 58 1005.9
1291561200  8.0 58 1005.9
1291561260  8.0 58 1005.9
1291561320  8.0 58 1005.9
1291561380  8.0 58 1005.9
1291561440  8.0 58 1005.9
1291561500  8.0 58 1005.9
1291561560  8.0 58 1005.9
1291561620  8.0 58 1005.8
1291561680  8.0 58 1005.7
1291561740  8.0 58 1005.7
1291561800  8.0 58 1005.7
1291561860  8.0 58 1005.7
1291561920  8.0 58 1005.6
1291561980  8.0 58 1005.8
1291562040  8.0 58 1005.7
1291562100  8.0 58 1005.7
1291562160  8.0 58 1005.7
1291562220  8.0 58 1005.7
1291562280  8.0 58 1005.7
1291562340  8.0 58 1005.8
1291562400  8.0 58 1005.8
1291562460  8.0 58 1005.8
1291562520  8.0 58 1005.7
1291562580  8.0 58 1005.7
1291562640  8.0 58 1005.8
1291562700  8.0 58 1005.8
1291562760  8.0 58 1005.8
1291562820  8.0 58 1005.8
1291562880  8.0 58 1005.8
1291562940  8.0 58 1005.8
1291563000  8.0 58 1005.7
1291563060  8.0 58 1005.7
1291563120  8.0 58 1005.7
1291563180  8.0 58 1005.7
1291563240  8.0 58 1005.7
1291563300  8.0 58 1005.7
1291563360  8.0 58 1005.7
1291563420  8.0 58 1005.7
1291563480  8.0 58 1005.7
1291563540  8.0 58 1005.7
1291563600  8.0 58 1005.7
1291563660  8.0 58 1005.7
1291563720  8.0 58 1005.7
1291563780  8.0 58 1005.8
1291563840  8.0 58 1005.8
1291563900  8.0 58 1005.8
1291563960  8.0 58 1005.8
1291564020  7.9 58 1005.8
1291564080  7.9 58 1005.8
1291564140  8.0 58 1005.9
1291564200  7.9 58 1005.9
1291564260  7.9 58 1006.0
1291564320  7.9 58 1006.0
1291564380  7.9 58 1006.0
1291564440  7.9 58 1006.0
1291564500  7.9 58 1006.0
1291564560  7.9 58 1006.0
1291564620  7.9 58 1006.0
1291564680  7.9 58 1006.1
1291564740  7.9 58 1006.1
1291564800  7.9 58 1006.1
1291564860  7.9 58 1006.2
1291564920  7.9 58 1006.2
1291564980  7.9 58 1006.2
1291565040  7.9 58 1006.1
1291565100  7.9 58 1006.1
1291565160  7.9 58 1006.1
1291565220  7.9 58 1006.1
1291565280  7.9 58 1006.2
1291565340  7.9 58 1006.2
1291565400  7.9 58 1006.1
1291565460  7.9 58 1006.2
1291565520  7.9 58 1006.2
1291565580  7.9 58 1006.3
1291565640  7.9 58 1006.3
1291565700  7.9 58 1006.3
1291565760  7.9 58 1006.3
1291565820  7.9 58 1006.3
1291565880  7.9 58 1006.3
1291565940  7.9 58 1006.3
1291566000  7.9 58 1006.2
1291566060  7.9 58 1006.2
1291566120  7.9 58 1006.3
1291566180  7.9 58 1006.3
1291566240  7.9 58 1006.4
1291566300  7.9 58 1006.4
1291566360  7.9 58 1006.4
1291566420  7.9 59 1006.4
1291566480  7.9 59 1006.4
1291566540  7.9 59 1006.4
1291566600  7.9 59 1006.4
1291566660  7.9 59 1006.4
1291566720  7.9 59 1006.3
1291566780  7.9 59 1006.4
1291566840  7.9 59 1006.4
1291566900  7.9 59 1006.4
1291566960  7.9 59 1006.4
1291567020  7.9 59 1006.4
1291567080  7.9 59 1006.4
1291567140  7.9 59 1006.4
1291567200  7.9 59 1006.4
1291567260  7.9 59 1006.4
1291567320  7.9 59 1006.4
1291567380  7.9 59 1006.3
1291567440  7.9 59 1006.4
1291567500  7.9 59 1006.4
1291567560  7.9 59 1006.4
1291567620  7.9 59 1006.4
1291567680  7.9 59 1006.4
1291567740  7.9 59 1006.3
1291567800  7.9 59 1006.4
1291567860  7.9 59 1006.4
1291567920  7.9 59 1006.4
1291567980  7.9 59 1006.4
1291568040  7.9 59 1006.3
1291568100  7.9 59 1006.3
1291568160  7.9 59 1006.3
1291568220  7.9 59 1006.4
1291568280  7.9 59 1006.4
1291568340  7.9 59 1006.3
1291568400  7.9 59 1006.3
1291568460  7.9 59 1006.4
1291568520  7.9 59 1006.4
1291568580  7.9 59 1006.4
1291568640  7.9 59 1006.4
1291568700  7.9 59 1006.4
1291568760  7.9 59 1006.4
1291568820  7.9 59 1006.4
1291568880  7.9 59 1006.4
1291568940  7.9 59 1006.4
1291569000  7.9 59 1006.4
1291569060  7.9 59 1006.4
1291569120  7.9 59 1006.4
1291569180  7.9 59 1006.4
1291569240  7.9 59 1006.4
1291569300  7.9 59 1006.4
1291569360  7.9 59 1006.4
1291569480  7.9 59 1006.4
1291569540  7.8 59 1006.4
1291569600  7.9 59 1006.4
1291569660  7.9 59 1006.4
1291569720  7.9 59 1006.4
1291569780  7.8 59 1006.4
1291569840  7.9 59 1006.4
1291569900  7.9 59 1006.4
1291569960  7.9 59 1006.4
1291570020  7.9 59 1006.4
1291570080  7.9 59 1006.4
1291570140  7.9 59 1006.4
1291570200  7.9 59 1006.5
1291570260  7.9 59 1006.5
1291570320  7.9 59 1006.6
1291570380  7.9 59 1006.5
1291570440  7.9 59 1006.5
1291570500  7.9 59 1006.5
1291570560  7.9 59 1006.5
1291570620  7.8 59 1006.5
1291570680  7.8 59 1006.6
1291570740  7.9 59 1006.5
1291570800  7.9 59 1006.5
1291570860  7.9 59 1006.5
1291570920  7.9 59 1006.5
1291570980  7.9 59 1006.4
1291571040  7.9 59 1006.5
1291571100  7.9 59 1006.5
1291571160  7.9 59 1006.6
1291571220  7.8 59 1006.5
1291571280  7.8 59 1006.5
1291571340  7.8 59 1006.5
1291571400  7.9 59 1006.5
1291571460  7.8 59 1006.5
1291571520  7.8 59 1006.5
1291571580  7.9 59 1006.5
1291571640  7.8 59 1006.5
1291571700  7.9 59 1006.5
1291571760  7.9 59 1006.5
1291571820  7.8 59 1006.5
1291571880  7.8 59 1006.5
1291571940  7.8 59 1006.6
1291572000  7.9 59 1006.6
1291572060  7.8 59 1006.6
1291572120  7.8 59 1006.8
1291572180  7.8 59 1006.8
1291572240  7.8 59 1006.7
1291572300  7.8 59 1006.7
1291572360  7.8 59 1006.8
1291572420  7.8 59 1006.8
1291572480  7.8 59 1006.8
1291572540  7.8 59 1006.8
1291572600  7.8 59 1006.8
1291572660  7.8 59 1006.8
1291572720  7.8 59 1006.8
1291572780  7.8 59 1006.8
1291572840  7.8 59 1006.8
1291572900  7.8 59 1006.8
1291573020  7.8 59 1006.8
1291573080  7.8 59 1006.8
1291573140  7.8 59 1006.8
1291573200  7.8 59 1006.8
1291573260  7.8 59 1006.8
1291573320  7.8 59 1006.8
1291573380  7.8 59 1006.8
1291573440  7.8 59 1006.7
1291573500  7.8 59 1006.8
1291573560  7.8 59 1006.8
1291573620  7.8 59 1006.8
1291573680  7.8 59 1006.8
1291573740  7.8 59 1006.8
1291573800  7.8 59 1006.7
1291573860  7.8 59 1006.7
1291573920  7.8 59 1006.7
1291573980  7.8 59 1006.7
1291574040  7.8 59 1006.7
1291574100  7.8 59 1006.7
1291574160  7.8 59 1006.7
1291574220  7.8 59 1006.6
1291574280  7.8 59 1006.6
1291574340  7.8 59 1006.5
1291574400  7.8 59 1006.5
1291574460  7.8 59 1006.5
1291574520  7.8 59 1006.5
1291574580  7.8 59 1006.5
1291574640  7.8 59 1006.4
1291574700  7.8 59 1006.4
1291574760  7.8 59 1006.5
1291574820  7.8 59 1006.5
1291574880  7.8 59 1006.5
1291575000  7.8 59 1006.4
1291575060  7.8 59 1006.5
1291575120  7.8 59 1006.5
1291575180  7.8 59 1006.5
1291575240  7.8 59 1006.5
1291575300  7.8 59 1006.5
1291575360  7.8 59 1006.5
1291575420  7.8 59 1006.5
1291575480  7.8 59 1006.5
1291575540  7.8 59 1006.5
1291575600  7.8 59 1006.4
1291575660  7.8 59 1006.5
1291575720  7.8 59 1006.5
1291575780  7.8 59 1006.4
1291575900  7.8 59 1006.4
1291575960  7.8 59 1006.4
1291576020  7.8 59 1006.4
1291576080  7.8 59 1006.4
1291576140  7.8 59 1006.4
1291576200  7.8 59 1006.5
1291576260  7.8 59 1006.5
1291576320  7.8 59 1006.5
1291576380  7.8 59 1006.4
1291576440  7.8 59 1006.5
1291576500  7.8 59 1006.5
1291576620  7.8 59 1006.5
1291576680  7.8 59 1006.5
1291576740  7.8 59 1006.5
1291576800  7.8 59 1006.4
1291576860  7.8 59 1006.4
1291576920  7.8 59 1006.4
1291576980  7.8 59 1006.4
1291577040  7.8 59 1006.4
1291577100  7.8 59 1006.4
1291577160  7.8 59 1006.4
1291577220  7.8 59 1006.4
1291577280  7.8 59 1006.4
1291577340  7.8 59 1006.4
1291577400  7.8 59 1006.4
1291577460  7.8 59 1006.4
1291577520  7.8 59 1006.4
1291577580  7.8 59 1006.4
1291577640  7.8 59 1006.4
1291577700  7.8 59 1006.3
1291577760  7.8 59 1006.4
1291577820  7.8 59 1006.4
1291577880  7.8 59 1006.4
1291577940  7.8 59 1006.4
1291578000  7.8 59 1006.3
1291578060  7.8 59 1006.2
1291578180  7.8 59 1006.3
1291578240  7.8 59 1006.3
1291578300  7.8 59 1006.3
1291578360  7.8 59 1006.2
1291578420  7.8 59 1006.3
1291578480  7.8 59 1006.3
1291578540  7.8 59 1006.3
1291578600  7.8 59 1006.2
1291578660  7.8 59 1006.3
1291578720  7.8 59 1006.2
1291578780  7.8 59 1006.3
1291578840  7.8 59 1006.4
1291578900  7.8 59 1006.3
1291578960  7.8 59 1006.3
1291579020  7.8 59 1006.3
1291579080  7.8 59 1006.3
1291579140  7.8 59 1006.3
1291579200  7.8 59 1006.3
1291579260  7.7 59 1006.3
1291579320  7.7 59 1006.4
1291579380  7.7 59 1006.4
1291579440  7.7 59 1006.4
1291579500  7.7 59 1006.4
1291579560  7.7 59 1006.4
1291579620  7.7 59 1006.4
1291579680  7.7 59 1006.4
1291579740  7.7 59 1006.4
1291579800  7.7 59 1006.3
1291579860  7.7 59 1006.3
1291579920  7.8 59 1006.3
1291579980  7.7 59 1006.3
1291580040  7.7 59 1006.4
1291580100  7.7 59 1006.4
1291580220  7.7 59 1006.4
1291580280  7.7 59 1006.4
1291580340  7.7 59 1006.4
1291580400  7.7 59 1006.4
1291580460  7.7 59 1006.3
1291580520  7.7 59 1006.4
1291580580  7.7 59 1006.3
1291580700  7.7 59 1006.3
1291580760  7.7 59 1006.3
1291580820  7.7 59 1006.3
1291580880  7.7 59 1006.3
1291580940  7.7 59 1006.3
1291581000  7.7 59 1006.3
1291581060  7.7 59 1006.3
1291581120  7.7 59 1006.3
1291581180  7.8 59 1006.4
1291581240  7.7 59 1006.3
1291581300  7.7 59 1006.3
1291581360  7.7 59 1006.3
1291581420  7.7 59 1006.4
1291581480  7.7 59 1006.4
1291581540  7.7 59 1006.4
1291581600  7.7 59 1006.4
1291581660  7.7 59 1006.4
1291581720  7.7 59 1006.4
1291581780  7.7 59 1006.4
1291581840  7.7 59 1006.3
1291581900  7.7 59 1006.3
1291581960  7.7 59 1006.3
1291582020  7.7 59 1006.4
1291582080  7.7 59 1006.3
1291582140  7.7 59 1006.4
1291582200  7.7 59 1006.4
1291582260  7.7 59 1006.4
1291582320  7.7 59 1006.4
1291582380  7.7 59 1006.4
1291582440  7.7 59 1006.5
1291582500  7.7 59 1006.4
1291582560  7.7 59 1006.5
1291582620  7.7 59 1006.3
1291582680  7.7 59 1006.5
1291582740  7.7 59 1006.4
1291582800  7.7 59 1006.4
1291582860  7.7 59 1006.4
1291582920  7.7 59 1006.4
1291582980  7.7 59 1006.6
1291583040  7.7 59 1006.4
1291583100  7.7 59 1006.5
1291583160  7.7 59 1006.6
1291583220  7.7 59 1006.6
1291583280  7.7 59 1006.5
1291583340  7.7 59 1006.5
1291583400  7.7 59 1006.5
1291583460  7.7 59 1006.5
1291583520  7.7 59 1006.5
1291583580  7.7 59 1006.5
1291583700  7.7 59 1006.5
1291583820  7.7 59 1006.3
1291583880  7.7 59 1006.5
1291583940  7.7 59 1006.4
1291584000  7.7 59 1006.4
1291584060  7.7 59 1006.4
1291584120  7.7 59 1006.3
1291584180  7.7 59 1006.5
1291584240  7.7 59 1006.4
1291584300  7.7 59 1006.5
1291584360  7.7 58 1006.6
1291584420  7.7 58 1006.5
1291584480  7.7 58 1006.5
1291584540  7.7 59 1006.5
1291584600  7.7 58 1006.5
1291584660  7.7 58 1006.5
1291584720  7.7 58 1006.6
1291584780  7.6 58 1006.5
1291584840  7.6 58 1006.5
1291584900  7.7 58 1006.5
1291584960  7.7 58 1006.4
1291585020  7.7 58 1006.5
1291585080  7.7 58 1006.4
1291585140  7.7 58 1006.4
1291585200  7.7 58 1006.4
1291585260  7.7 58 1006.4
1291585320  7.7 58 1006.4
1291585380  7.7 58 1006.4
1291585440  7.7 58 1006.4
1291585500  7.7 58 1006.4
1291585560  7.6 58 1006.3
1291585620  7.6 58 1006.4
1291585680  7.6 58 1006.3
1291585740  7.6 58 1006.3
1291585800  7.6 58 1006.3
1291585860  7.6 58 1006.3
1291585920  7.6 58 1006.3
1291585980  7.6 58 1006.2
1291586040  7.6 58 1006.2
1291586100  7.6 58 1006.2
1291586160  7.6 58 1006.2
1291586220  7.6 58 1006.2
1291586280  7.6 58 1006.2
1291586340  7.7 58 1006.2
1291586400  7.6 58 1006.2
1291586460  7.6 58 1006.2
1291586520  7.6 58 1006.2
1291586580  7.6 58 1006.3
1291586640  7.6 58 1006.2
1291586700  7.6 58 1006.2
1291586760  7.6 58 1006.2
1291586820  7.6 58 1006.3
1291586880  7.6 58 1006.2
1291586940  7.6 58 1006.3
1291587000  7.6 58 1006.3
1291587060  7.6 58 1006.3
1291587120  7.6 58 1006.3
1291587180  7.6 58 1006.3
1291587240  7.6 58 1006.3
1291587300  7.6 58 1006.3
1291587360  7.6 58 1006.3
1291587420  7.6 58 1006.2
1291587480  7.6 58 1006.3
1291587540  7.6 58 1006.2
1291587600  7.6 58 1006.2
1291587660  7.6 58 1006.2
1291587720  7.6 58 1006.3
1291587780  7.6 58 1006.3
1291587840  7.6 58 1006.2
1291587900  7.6 58 1006.2
1291587960  7.6 58 1006.2
1291588020  7.6 58 1006.2
1291588080  7.6 58 1006.2
1291588140  7.6 58 1006.2
1291588200  7.6 58 1006.2
1291588260  7.6 58 1006.2
1291588320  7.6 58 1006.2
1291588380  7.6 58 1006.3
1291588440  7.6 58 1006.4
1291588500  7.6 58 1006.3
1291588560  7.6 58 1006.3
1291588620  7.6 58 1006.3
1291588680  7.6 58 1006.3
1291588740  7.6 58 1006.3
1291588800  7.6 58 1006.3
1291588860  7.6 58 1006.3
1291588920  7.6 58 1006.3
1291588980  7.6 58 1006.3
1291589040  7.6 58 1006.3
1291589100  7.6 58 1006.3
1291589160  7.6 58 1006.3
1291589220  7.6 58 1006.3
1291589280  7.6 58 1006.3
1291589340  7.6 58 1006.2
1291589400  7.6 58 1006.2
1291589460  7.6 58 1006.2
1291589520  7.6 58 1006.3
1291589580  7.6 58 1006.3
1291589640  7.6 58 1006.3
1291589700  7.6 58 1006.3
1291589760  7.6 58 1006.3
1291589820  7.6 58 1006.2
1291589880  7.6 58 1006.2
1291589940  7.6 58 1006.2
1291590000  7.6 58 1006.2
1291590060  7.6 58 1006.2
1291590120  7.6 58 1006.3
1291590180  7.6 58 1006.2
1291590240  7.6 58 1006.2
1291590300  7.6 58 1006.3
1291590360  7.6 58 1006.2
1291590420  7.6 58 1006.2
1291590480  7.6 58 1006.3
1291590540  7.6 58 1006.2
1291590600  7.6 58 1006.3
1291590660  7.6 58 1006.2
1291590720  7.6 58 1006.2
1291590780  7.6 58 1006.2
1291590840  7.6 58 1006.3
1291590900  7.6 58 1006.3
1291590960  7.6 58 1006.3
1291591020  7.6 58 1006.3
1291591080  7.6 58 1006.3
1291591140  7.6 58 1006.4
1291591200  7.6 58 1006.4
1291591260  7.6 58 1006.4
1291591320  7.6 58 1006.4
1291591380  7.6 58 1006.4
1291591440  7.6 58 1006.4
1291591500  7.6 58 1006.3
1291591560  7.6 58 1006.4
1291591620  7.6 58 1006.5
1291591680  7.6 58 1006.5
1291591740  7.6 58 1006.5
1291591800  7.6 58 1006.4
1291591860  7.6 58 1006.4
1291591920  7.6 58 1006.5
1291591980  7.6 58 1006.5
1291592040  7.6 58 1006.5
1291592100  7.6 58 1006.4
1291592160  7.6 58 1006.4
1291592220  7.6 58 1006.4
1291592280  7.6 58 1006.4
1291592340  7.6 58 1006.4
1291592400  7.6 58 1006.3
1291592460  7.6 58 1006.4
1291592520  7.6 58 1006.5
1291592580  7.6 58 1006.5
1291592640  7.6 58 1006.5
1291592700  7.6 58 1006.3
1291592760  7.6 58 1006.4
1291592820  7.6 58 1006.5
1291592880  7.6 58 1006.4
1291592940  7.6 58 1006.4
1291593000  7.6 58 1006.4
1291593060  7.6 58 1006.5
1291593120  7.6 58 1006.5
1291593180  7.6 58 1006.5
1291593240  7.6 58 1006.5
1291593300  7.6 58 1006.3
1291593360  7.6 58 1006.5
1291593420  7.6 58 1006.4
1291593480  7.6 58 1006.4
1291593540  7.6 58 1006.4
