1291852800  6.8 55 1025.8
1291852860  6.8 55 1025.7
1291852920  6.8 55 1025.9
1291852980  6.8 55 1025.8
1291853040  6.7 55 1025.8
1291853100  6.8 55 1025.9
1291853160  6.8 55 1025.9
1291853220  6.7 55 1025.9
1291853280  6.7 55 1025.9
1291853340  6.7 55 1025.9
1291853400  6.7 55 1025.8
1291853460  6.7 55 1025.9
1291853520  6.8 55 1025.9
1291853580  6.7 55 1025.9
1291853640  6.8 55 1025.9
1291853700  6.7 55 1025.9
1291853760  6.8 55 1025.9
1291853820  6.8 55 1026.0
1291853880  6.8 55 1025.9
1291853940  6.8 55 1025.9
1291854000  6.7 55 1026.0
1291854060  6.7 55 1026.0
1291854120  6.8 55 1026.0
1291854180  6.8 55 1026.0
1291854240  6.8 55 1025.9
1291854300  6.8 55 1026.0
1291854360  6.7 55 1026.0
1291854420  6.8 55 1026.0
1291854480  6.7 55 1026.0
1291854540  6.7 55 1026.0
1291854600  6.7 55 1026.0
1291854660  6.7 55 1026.0
1291854720  6.7 55 1026.0
1291854840  6.7 55 1026.0
1291854900  6.7 55 1026.0
1291854960  6.8 55 1026.0
1291855020  6.7 55 1026.0
1291855080  6.7 55 1026.0
1291855140  6.7 55 1026.0
1291855200  6.8 55 1026.0
1291855260  6.8 55 1026.0
1291855320  6.7 55 1026.0
1291855380  6.7 55 1026.0
1291855440  6.8 55 1026.0
1291855500  6.8 55 1026.0
1291855560  6.7 55 1026.1
1291855620  6.7 55 1026.0
1291855680  6.7 55 1026.0
1291855740  6.7 55 1026.0
1291855800  6.7 55 1026.0
1291855860  6.7 55 1026.0
1291855920  6.7 55 1026.0
1291855980  6.7 55 1026.1
1291856040  6.7 55 1026.1
1291856100  6.7 55 1026.1
1291856160  6.7 55 1026.1
1291856220  6.7 55 1026.1
1291856280  6.7 55 1026.1
1291856340  6.7 55 1026.1
1291856400  6.7 55 1026.1
1291856460  6.7 55 1026.1
1291856520  6.7 55 1026.1
1291856580  6.7 55 1026.1
1291856640  6.7 55 1026.1
1291856700  6.7 55 1026.2
1291856760  6.7 55 1026.2
1291856820  6.7 55 1026.3
1291856880  6.7 55 1026.2
1291856940  6.7 55 1026.3
1291857000  6.7 55 1026.3
1291857060  6.7 55 1026.3
1291857120  6.7 55 1026.2
1291857180  6.7 55 1026.2
1291857240  6.7 55 1026.3
1291857300  6.7 55 1026.3
1291857360  6.7 55 1026.3
1291857420  6.7 55 1026.4
1291857480  6.7 55 1026.3
1291857540  6.7 55 1026.3
1291857600  6.7 55 1026.3
1291857660  6.7 55 1026.3
1291857720  6.7 55 1026.3
1291857780  6.7 55 1026.4
1291857840  6.7 55 1026.4
1291857900  6.7 55 1026.4
1291857960  6.7 55 1026.4
1291858020  6.7 55 1026.3
1291858080  6.7 55 1026.5
1291858140  6.7 55 1026.4
1291858200  6.7 55 1026.4
1291858260  6.7 55 1026.4
1291858320  6.7 55 1026.4
1291858380  6.7 55 1026.4
1291858440  6.7 55 1026.4
1291858500  6.7 55 1026.3
1291858560  6.7 55 1026.1
1291858620  6.7 55 1026.3
1291858680  6.7 55 1026.3
1291858740  6.7 55 1026.3
1291858800  6.7 55 1026.3
1291858860  6.7 55 1026.3
1291858920  6.7 55 1026.2
1291858980  6.7 55 1026.4
1291859040  6.7 55 1026.4
1291859100  6.7 55 1026.4
1291859160  6.7 55 1026.4
1291859220  6.7 55 1026.5
1291859280  6.7 55 1026.4
1291859340  6.7 55 1026.4
1291859400  6.7 55 1026.4
1291859460  6.7 55 1026.4
1291859520  6.7 55 1026.5
1291859580  6.7 55 1026.5
1291859640  6.7 55 1026.4
1291859700  6.7 55 1026.4
1291859760  6.7 55 1026.4
1291859820  6.7 55 1026.4
1291859880  6.7 55 1026.5
1291859940  6.6 55 1026.5
1291860000  6.7 55 1026.6
1291860060  6.7 55 1026.6
1291860120  6.7 55 1026.6
1291860180  6.6 55 1026.7
1291860240  6.6 55 1026.6
1291860300  6.6 55 1026.7
1291860360  6.7 55 1026.7
1291860420  6.6 55 1026.7
1291860480  6.7 55 1026.7
1291860540  6.7 55 1026.7
1291860600  6.6 55 1026.7
1291860660  6.6 55 1026.7
1291860720  6.6 55 1026.7
1291860780  6.6 55 1026.7
1291860840  6.6 55 1026.8
1291860900  6.6 55 1026.7
1291860960  6.6 54 1026.7
1291861020  6.6 55 1026.6
1291861080  6.6 55 1026.7
1291861140  6.6 55 1026.6
1291861200  6.6 54 1026.6
1291861260  6.6 54 1026.6
1291861320  6.6 54 1026.6
1291861380  6.6 55 1026.7
1291861440  6.6 54 1026.7
1291861500  6.6 54 1026.6
1291861560  6.6 54 1026.6
1291861620  6.6 54 1026.7
1291861680  6.6 54 1026.7
1291861740  6.6 54 1026.7
1291861800  6.6 54 1026.8
1291861860  6.6 54 1026.8
1291861920  6.6 54 1026.8
1291861980  6.6 54 1026.9
1291862040  6.6 54 1026.9
1291862100  6.6 54 1027.0
1291862160  6.6 54 1027.0
1291862220  6.6 54 1027.0
1291862280  6.6 54 1027.2
1291862340  6.6 54 1027.1
1291862400  6.6 54 1027.2
1291862460  6.6 54 1027.2
1291862520  6.6 54 1027.2
1291862580  6.6 54 1027.1
1291862640  6.6 54 1027.2
1291862700  6.6 54 1027.2
1291862760  6.6 54 1027.2
1291862820  6.6 54 1027.2
1291862880  6.6 54 1027.2
1291862940  6.6 54 1027.2
1291863000  6.6 54 1027.2
1291863060  6.6 54 1027.2
1291863120  6.6 54 1027.2
1291863180  6.6 54 1027.3
1291863240  6.6 54 1027.3
1291863300  6.6 54 1027.3
1291863360  6.6 54 1027.2
1291863420  6.6 54 1027.3
1291863480  6.6 54 1027.3
1291863540  6.6 54 1027.2
1291863600  6.6 54 1027.3
1291863660  6.6 54 1027.3
1291863720  6.6 54 1027.3
1291863780  6.6 54 1027.3
1291863840  6.6 54 1027.3
1291863900  6.6 54 1027.3
1291863960  6.6 54 1027.4
1291864020  6.6 54 1027.4
1291864080  6.6 54 1027.4
1291864140  6.6 54 1027.5
1291864200  6.6 54 1027.4
1291864260  6.6 54 1027.4
1291864320  6.6 54 1027.4
1291864380  6.6 54 1027.4
1291864440  6.6 54 1027.5
1291864500  6.6 54 1027.5
1291864560  6.6 54 1027.4
1291864620  6.6 54 1027.4
1291864680  6.6 54 1027.4
1291864740  6.6 54 1027.5
1291864800  6.6 54 1027.4
1291864860  6.6 54 1027.5
1291864920  6.6 54 1027.5
1291864980  6.6 54 1027.5
1291865040  6.6 54 1027.5
1291865100  6.6 54 1027.5
1291865160  6.6 54 1027.5
1291865220  6.6 54 1027.4
1291865280  6.6 54 1027.5
1291865340  6.6 54 1027.4
1291865400  6.6 54 1027.5
1291865460  6.6 54 1027.5
1291865520  6.6 54 1027.5
1291865580  6.6 54 1027.5
1291865640  6.6 54 1027.5
1291865700  6.6 54 1027.5
1291865760  6.6 54 1027.5
1291865820  6.6 54 1027.5
1291865880  6.6 54 1027.5
1291865940  6.6 54 1027.6
1291866060  6.6 54 1027.6
1291866120  6.6 54 1027.6
1291866180  6.6 54 1027.6
1291866240  6.6 54 1027.6
1291866300  6.6 54 1027.7
1291866360  6.6 54 1027.8
1291866420  6.6 54 1027.8
1291866480  6.6 54 1027.8
1291866540  6.6 54 1027.9
1291866600  6.6 54 1027.9
1291866660  6.5 54 1027.9
1291866720  6.6 54 1027.9
1291866780  6.6 54 1027.9
1291866840  6.6 54 1027.9
1291866900  6.5 54 1027.9
1291866960  6.6 54 1028.0
1291867020  6.5 54 1028.0
1291867080  6.5 54 1028.0
1291867140  6.6 54 1028.0
1291867200  6.5 54 1028.0
1291867260  6.5 54 1028.1
1291867320  6.5 54 1028.0
1291867380  6.5 54 1028.0
1291867440  6.5 54 1028.0
1291867500  6.5 54 1028.0
1291867560  6.5 54 1028.1
1291867620  6.5 54 1028.0
1291867680  6.5 54 1028.1
1291867740  6.5 54 1028.0
1291867800  6.5 54 1028.0
1291867860  6.5 54 1028.0
1291867920  6.5 54 1028.1
1291867980  6.5 54 1028.1
1291868040  6.5 54 1028.1
1291868100  6.5 54 1028.1
1291868160  6.5 54 1028.0
1291868220  6.5 54 1028.1
1291868280  6.5 54 1028.0
1291868340  6.5 54 1028.1
1291868400  6.5 54 1028.1
1291868460  6.5 54 1028.1
1291868520  6.5 54 1028.0
1291868580  6.5 54 1028.0
1291868640  6.5 54 1028.0
1291868700  6.5 54 1028.0
1291868760  6.5 54 1028.1
1291868820  6.5 54 1028.0
1291868880  6.5 54 1027.9
1291868940  6.5 54 1028.0
1291869000  6.5 54 1028.0
1291869060  6.5 54 1028.0
1291869120  6.5 54 1028.0
1291869180  6.5 54 1028.0
1291869240  6.5 54 1028.0
1291869300  6.5 54 1028.0
1291869360  6.5 54 1028.1
1291869420  6.5 54 1028.1
1291869480  6.5 54 1028.1
1291869540  6.5 54 1028.2
1291869600  6.5 54 1028.2
1291869660  6.5 54 1028.2
1291869720  6.5 54 1028.2
1291869780  6.5 54 1028.2
1291869840  6.5 54 1028.2
1291869900  6.5 54 1028.3
1291869960  6.5 54 1028.3
1291870020  6.5 54 1028.3
1291870080  6.5 54 1028.4
1291870140  6.5 54 1028.4
1291870200  6.5 54 1028.4
1291870260  6.5 54 1028.4
1291870320  6.5 54 1028.4
1291870380  6.5 54 1028.4
1291870440  6.5 54 1028.4
1291870500  6.5 54 1028.4
1291870560  6.5 54 1028.4
1291870620  6.5 54 1028.4
1291870680  6.5 54 1028.4
1291870740  6.5 54 1028.4
1291870800  6.5 54 1028.4
1291870860  6.5 54 1028.5
1291870920  6.5 54 1028.5
1291870980  6.5 54 1028.5
1291871040  6.5 54 1028.5
1291871100  6.4 54 1028.5
1291871160  6.4 54 1028.6
1291871220  6.4 54 1028.6
1291871280  6.4 54 1028.5
1291871340  6.4 54 1028.5
1291871400  6.4 54 1028.5
1291871460  6.4 54 1028.5
1291871520  6.4 54 1028.6
1291871580  6.4 54 1028.6
1291871640  6.4 54 1028.6
1291871700  6.4 54 1028.6
1291871760  6.4 54 1028.6
1291871820  6.4 54 1028.6
1291871880  6.4 54 1028.7
1291871940  6.4 54 1028.6
1291872000  6.5 54 1028.5
1291872060  6.4 54 1028.6
1291872120  6.4 54 1028.7
1291872180  6.4 54 1028.7
1291872240  6.4 54 1028.7
1291872300  6.4 54 1028.7
1291872360  6.4 54 1028.7
1291872420  6.4 54 1028.9
1291872480  6.4 54 1028.7
1291872540  6.4 54 1028.7
1291872660  6.4 54 1028.8
1291872720  6.4 54 1028.7
1291872780  6.4 54 1028.7
1291872840  6.4 54 1028.7
1291872900  6.4 54 1028.8
1291872960  6.4 54 1028.8
1291873020  6.4 54 1028.7
1291873080  6.4 54 1028.8
1291873140  6.4 54 1028.8
1291873200  6.4 54 1028.9
1291873260  6.4 54 1028.8
1291873320  6.4 54 1028.8
1291873380  6.4 54 1028.8
1291873440  6.4 54 1028.8
1291873500  6.4 54 1028.8
1291873560  6.4 54 1028.8
1291873620  6.4 54 1028.9
1291873680  6.4 54 1028.9
1291873740  6.4 54 1028.9
1291873800  6.4 54 1029.0
1291873860  6.4 54 1028.9
1291873920  6.4 54 1029.0
1291873980  6.4 54 1028.9
1291874040  6.4 54 1029.0
1291874100  6.4 54 1029.0
1291874160  6.4 54 1029.0
1291874220  6.4 54 1029.0
1291874280  6.4 54 1028.9
1291874340  6.4 54 1028.9
1291874400  6.4 54 1029.0
1291874460  6.4 54 1028.9
1291874520  6.4 54 1029.1
1291874580  6.4 54 1029.0
1291874640  6.4 54 1029.1
1291874700  6.4 54 1029.1
1291874760  6.4 54 1029.1
1291874820  6.4 54 1029.2
1291874880  6.4 54 1029.3
1291874940  6.4 54 1029.2
1291875000  6.4 54 1029.2
1291875060  6.4 54 1029.3
1291875120  6.4 54 1029.3
1291875180  6.4 54 1029.3
1291875240  6.4 54 1029.4
1291875300  6.4 54 1029.4
1291875360  6.4 54 1029.4
1291875420  6.4 54 1029.2
1291875480  6.4 54 1029.3
1291875540  6.4 54 1029.2
1291875600  6.4 54 1029.3
1291875660  6.4 54 1029.3
1291875720  6.4 54 1029.4
1291875780  6.4 54 1029.3
1291875840  6.4 54 1029.4
1291875900  6.4 54 1029.4
1291875960  6.4 54 1029.4
1291876020  6.4 54 1029.3
1291876080  6.4 54 1029.3
1291876140  6.4 54 1029.3
1291876200  6.4 54 1029.3
1291876260  6.4 54 1029.2
1291876320  6.4 54 1029.4
1291876380  6.4 54 1029.4
1291876440  6.4 54 1029.3
1291876500  6.4 54 1029.3
1291876560  6.4 54 1029.3
1291876620  6.4 54 1029.5
1291876680  6.4 54 1029.3
1291876740  6.4 54 1029.5
1291876800  6.4 54 1029.6
1291876860  6.4 54 1029.5
1291876920  6.4 54 1029.5
1291876980  6.4 54 1029.6
1291877040  6.4 54 1029.6
1291877100  6.4 54 1029.6
1291877160  6.4 54 1029.6
1291877220  6.4 54 1029.6
1291877280  6.4 54 1029.7
1291877340  6.4 54 1029.6
1291877400  6.4 54 1029.6
1291877460  6.4 54 1029.6
1291877520  6.4 54 1029.6
1291877580  6.4 54 1029.6
1291877640  6.4 54 1029.6
1291877700  6.4 54 1029.6
1291877760  6.4 54 1029.6
1291877820  6.4 54 1029.7
1291877880  6.4 54 1029.7
1291877940  6.4 54 1029.7
1291878000  6.4 54 1029.7
1291878060  6.4 54 1029.7
1291878120  6.4 54 1029.8
1291878180  6.4 54 1029.9
1291878240  6.4 54 1029.8
1291878300  6.4 54 1029.8
1291878360  6.4 54 1029.8
1291878420  6.4 54 1029.8
1291878480  6.4 54 1029.8
1291878540  6.4 54 1029.9
1291878600  6.4 54 1029.9
1291878660  6.4 54 1029.9
1291878720  6.4 54 1029.8
1291878780  6.4 54 1029.8
1291878840  6.4 54 1029.9
1291878900  6.4 54 1029.9
1291878960  6.4 54 1029.9
1291879020  6.4 54 1029.9
1291879080  6.4 54 1029.9
1291879140  6.4 54 1029.9
1291879200  6.4 54 1029.9
1291879260  6.4 54 1029.9
1291879320  6.4 54 1030.0
1291879380  6.4 54 1029.9
1291879440  6.4 54 1029.9
1291879500  6.4 54 1029.9
1291879560  6.4 54 1029.9
1291879620  6.4 54 1030.0
1291879680  6.4 54 1030.0
1291879740  6.4 54 1030.0
1291879800  6.4 54 1030.0
1291879860  6.4 54 1030.2
1291879920  6.4 54 1030.1
1291879980  6.4 54 1030.0
1291880040  6.3 54 1030.2
1291880100  6.3 54 1030.3
1291880160  6.3 54 1030.3
1291880220  6.4 54 1030.3
1291880280  6.3 54 1030.3
1291880340  6.4 54 1030.3
1291880400  6.4 54 1030.3
1291880460  6.3 54 1030.4
1291880520  6.4 54 1030.4
1291880580  6.4 54 1030.4
1291880640  6.4 54 1030.3
1291880700  6.4 54 1030.5
1291880760  6.4 54 1030.5
1291880820  6.4 55 1030.5
1291880880  6.4 55 1030.4
1291880940  6.4 55 1030.6
1291881000  6.4 55 1030.6
1291881060  6.4 55 1030.6
1291881120  6.4 55 1030.6
1291881180  6.4 55 1030.6
1291881240  6.4 55 1030.6
1291881300  6.4 55 1030.6
1291881360  6.4 55 1030.6
1291881420  6.4 55 1030.6
1291881480  6.4 55 1030.7
1291881540  6.4 55 1030.6
1291881600  6.4 55 1030.7
1291881660  6.4 55 1030.7
1291881720  6.4 55 1030.7
1291881780  6.4 55 1030.7
1291881840  6.4 55 1030.7
1291881900  6.4 55 1030.7
1291881960  6.4 55 1030.7
1291882020  6.4 55 1030.7
1291882080  6.4 55 1030.7
1291882140  6.4 55 1030.7
1291882200  6.4 55 1030.6
1291882260  6.4 55 1030.7
1291882320  6.4 55 1030.7
1291882380  6.4 55 1030.6
1291882440  6.4 55 1030.6
1291882500  6.4 55 1030.6
1291882560  6.4 55 1030.6
1291882620  6.4 55 1030.6
1291882680  6.4 55 1030.5
1291882740  6.4 55 1030.7
1291882800  6.4 55 1030.6
1291882860  6.4 55 1030.6
1291882920  6.4 55 1030.6
1291882980  6.4 55 1030.7
1291883040  6.4 55 1030.7
1291883100  6.4 55 1030.6
1291883160  6.4 55 1030.8
1291883220  6.4 55 1030.8
1291883280  6.4 55 1030.8
1291883340  6.4 55 1030.6
1291883400  6.4 55 1030.7
1291883460  6.4 55 1030.8
1291883520  6.4 55 1030.9
1291883580  6.4 55 1030.9
1291883640  6.4 55 1030.9
1291883700  6.4 55 1030.9
1291883760  6.4 55 1030.9
1291883820  6.4 55 1031.0
1291883880  6.4 55 1031.0
1291883940  6.4 55 1031.0
1291884000  6.4 55 1031.0
1291884060  6.4 55 1031.0
1291884120  6.4 55 1031.0
1291884180  6.4 55 1031.1
1291884240  6.4 55 1031.2
1291884300  6.4 55 1031.1
1291884360  6.4 55 1031.2
1291884420  6.4 55 1031.2
1291884480  6.4 55 1031.2
1291884540  6.4 55 1031.2
1291884600  6.4 55 1031.2
1291884660  6.4 55 1031.2
1291884780  6.4 55 1031.2
1291884840  6.4 55 1031.2
1291884900  6.4 55 1031.2
1291884960  6.4 55 1031.2
1291885020  6.4 55 1031.2
1291885080  6.4 55 1031.2
1291885140  6.4 55 1031.2
1291885200  6.4 55 1031.2
1291885260  6.4 54 1031.2
1291885320  6.4 54 1031.2
1291885380  6.4 55 1031.2
1291885440  6.4 55 1031.2
1291885500  6.4 55 1031.2
1291885560  6.4 55 1031.1
1291885620  6.4 55 1031.3
1291885680  6.4 55 1031.3
1291885740  6.4 55 1031.3
1291885800  6.4 55 1031.2
1291885860  6.4 55 1031.3
1291885920  6.4 55 1031.2
1291885980  6.4 55 1031.2
1291886040  6.4 55 1031.2
1291886100  6.4 55 1031.2
1291886160  6.4 55 1031.2
1291886220  6.4 55 1031.2
1291886280  6.4 55 1031.2
1291886340  6.4 55 1031.2
1291886400  6.4 55 1031.2
1291886460  6.4 55 1031.1
1291886520  6.4 55 1031.2
1291886580  6.4 55 1031.2
1291886640  6.4 55 1031.3
1291886700  6.4 55 1031.4
1291886760  6.4 55 1031.3
1291886820  6.4 55 1031.3
1291886880  6.4 55 1031.3
1291886940  6.4 55 1031.3
1291887000  6.4 55 1031.3
1291887060  6.4 55 1031.4
1291887120  6.4 55 1031.3
1291887180  6.4 55 1031.5
1291887240  6.4 55 1031.3
1291887300  6.4 55 1031.5
1291887360  6.4 55 1031.5
1291887420  6.4 55 1031.5
1291887480  6.4 55 1031.5
1291887540  6.4 55 1031.5
1291887600  6.4 55 1031.3
1291887660  6.4 55 1031.4
1291887720  6.4 55 1031.5
1291887780  6.4 55 1031.4
1291887840  6.4 55 1031.3
1291887900  6.4 55 1031.4
1291887960  6.4 55 1031.4
1291888020  6.4 55 1031.4
1291888080  6.4 55 1031.4
1291888140  6.4 55 1031.4
1291888200  6.4 55 1031.4
1291888260  6.5 55 1031.4
1291888320  6.4 55 1031.4
1291888380  6.5 55 1031.5
1291888440  6.5 55 1031.6
1291888500  6.5 55 1031.6
1291888560  6.5 55 1031.5
1291888620  6.5 55 1031.5
1291888680  6.5 55 1031.5
1291888740  6.5 55 1031.5
1291888800  6.5 55 1031.5
1291888860  6.5 55 1031.6
1291888920  6.5 55 1031.6
1291888980  6.5 55 1031.6
1291889040  6.5 55 1031.5
1291889100  6.5 55 1031.6
1291889160  6.5 55 1031.6
1291889220  6.5 55 1031.6
1291889280  6.5 55 1031.6
1291889340  6.5 55 1031.6
1291889400  6.5 55 1031.7
1291889460  6.5 55 1031.7
1291889520  6.6 55 1031.6
1291889580  6.6 55 1031.5
1291889640  6.6 55 1031.5
1291889700  6.6 55 1031.5
1291889760  6.6 55 1031.5
1291889820  6.6 55 1031.5
1291889880  6.6 55 1031.5
1291889940  6.6 55 1031.5
1291890000  6.6 55 1031.5
1291890060  6.6 55 1031.5
1291890120  6.6 55 1031.6
1291890180  6.6 55 1031.5
1291890240  6.6 55 1031.6
1291890300  6.6 55 1031.7
1291890360  6.6 55 1031.6
1291890420  6.6 55 1031.6
1291890480  6.6 55 1031.6
1291890540  6.6 55 1031.6
1291890600  6.6 55 1031.6
1291890660  6.7 55 1031.6
1291890720  6.7 55 1031.6
1291890780  6.7 55 1031.7
1291890840  6.7 55 1031.6
1291890900  6.7 55 1031.6
1291890960  6.7 55 1031.6
1291891020  6.7 55 1031.6
1291891080  6.7 55 1031.6
1291891140  6.7 55 1031.6
1291891200  6.7 55 1031.6
1291891260  6.7 55 1031.7
1291891320  6.7 55 1031.7
1291891380  6.8 55 1031.5
1291891440  6.8 55 1031.5
1291891500  6.8 55 1031.6
1291891560  6.8 55 1031.6
1291891620  6.8 55 1031.6
1291891680  6.8 55 1031.6
1291891740  6.8 55 1031.6
1291891800  6.8 55 1031.7
1291891860  6.8 55 1031.7
1291891920  6.8 55 1031.6
1291891980  6.8 55 1031.5
1291892040  6.8 55 1031.6
1291892100  6.8 55 1031.7
1291892160  6.8 55 1031.6
1291892220  6.8 55 1031.6
1291892280  6.8 55 1031.6
1291892340  6.8 55 1031.6
1291892400  6.8 55 1031.7
1291892460  6.8 55 1031.6
1291892520  6.8 55 1031.6
1291892580  6.8 55 1031.6
1291892640  6.8 55 1031.6
1291892700  6.8 55 1031.6
1291892760  6.8 55 1031.6
1291892820  6.8 55 1031.6
1291892880  6.8 55 1031.5
1291892940  6.8 55 1031.5
1291893000  6.8 55 1031.4
1291893060  6.8 55 1031.4
1291893120  6.8 55 1031.5
1291893180  6.8 55 1031.5
1291893240  6.8 55 1031.6
1291893300  6.8 55 1031.6
1291893360  6.8 55 1031.6
1291893420  6.8 55 1031.7
1291893480  6.8 55 1031.7
1291893540  6.8 55 1031.7
1291893600  6.8 55 1031.7
1291893660  6.8 55 1031.7
1291893720  6.9 55 1031.6
1291893780  6.8 55 1031.6
1291893840  6.8 55 1031.6
1291893900  6.9 55 1031.5
1291893960  6.9 55 1031.5
1291894020  6.9 55 1031.4
1291894080  6.9 55 1031.4
1291894140  6.9 55 1031.4
1291894200  6.9 55 1031.4
1291894260  6.9 55 1031.4
1291894320  6.9 55 1031.6
1291894380  6.9 55 1031.6
1291894440  6.9 55 1031.7
1291894500  6.9 55 1031.6
1291894560  7.0 55 1031.5
1291894620  6.9 55 1031.5
1291894680  7.0 55 1031.6
1291894740  7.0 55 1031.7
1291894800  7.0 55 1031.7
1291894860  7.0 55 1031.7
1291894920  7.0 55 1031.5
1291894980  7.0 55 1031.5
1291895040  7.0 55 1031.4
1291895100  7.0 55 1031.6
1291895160  7.0 56 1031.6
1291895220  7.0 55 1031.6
1291895280  7.0 55 1031.6
1291895340  7.0 55 1031.5
1291895400  7.0 55 1031.5
1291895460  7.0 55 1031.5
1291895520  7.1 55 1031.5
1291895580  7.1 55 1031.6
1291895640  7.1 55 1031.6
1291895700  7.1 55 1031.5
1291895760  7.1 55 1031.4
1291895820  7.2 55 1031.4
1291895880  7.2 55 1031.5
1291895940  7.2 55 1031.4
1291896000  7.2 55 1031.4
1291896060  7.2 55 1031.4
1291896120  7.2 56 1031.5
1291896180  7.2 56 1031.5
1291896240  7.2 56 1031.6
1291896300  7.2 56 1031.5
1291896360  7.2 56 1031.6
1291896420  7.2 56 1031.6
1291896480  7.2 56 1031.6
1291896540  7.2 56 1031.6
1291896600  7.2 55 1031.6
1291896660  7.2 55 1031.6
1291896720  7.2 55 1031.6
1291896780  7.2 55 1031.6
1291896840  7.2 56 1031.6
1291896900  7.2 55 1031.7
1291896960  7.2 56 1031.7
1291897020  7.3 56 1031.6
1291897080  7.3 56 1031.6
1291897140  7.3 56 1031.6
1291897200  7.3 56 1031.6
1291897260  7.3 56 1031.6
1291897320  7.3 56 1031.6
1291897380  7.3 56 1031.6
1291897440  7.3 55 1031.6
1291897500  7.3 56 1031.6
1291897560  7.4 56 1031.6
1291897620  7.4 56 1031.5
1291897680  7.3 56 1031.4
1291897740  7.4 56 1031.4
1291897800  7.4 56 1031.4
1291897860  7.4 56 1031.4
1291897920  7.4 56 1031.4
1291897980  7.4 56 1031.5
1291898040  7.4 56 1031.6
1291898100  7.4 56 1031.6
1291898160  7.4 56 1031.6
1291898220  7.4 56 1031.6
1291898280  7.4 56 1031.6
1291898340  7.4 56 1031.6
1291898400  7.4 56 1031.7
1291898460  7.4 56 1031.7
1291898520  7.4 56 1031.7
1291898580  7.4 56 1031.7
1291898640  7.4 56 1031.7
1291898700  7.4 56 1031.6
1291898760  7.5 56 1031.7
1291898820  7.4 56 1031.7
1291898880  7.5 56 1031.7
1291898940  7.5 56 1031.7
1291899000  7.5 56 1031.7
1291899060  7.5 56 1031.7
1291899120  7.5 56 1031.7
1291899180  7.5 56 1031.7
1291899240  7.5 56 1031.7
1291899300  7.5 56 1031.6
1291899360  7.5 56 1031.6
1291899420  7.5 56 1031.7
1291899480  7.5 55 1031.7
1291899540  7.5 56 1031.7
1291899600  7.5 56 1031.7
1291899660  7.5 56 1031.7
1291899720  7.5 56 1031.6
1291899780  7.5 56 1031.5
1291899840  7.5 56 1031.5
1291899900  7.6 56 1031.6
1291899960  7.6 56 1031.6
1291900020  7.6 56 1031.6
1291900080  7.6 56 1031.4
1291900140  7.6 56 1031.4
1291900200  7.6 56 1031.4
1291900260  7.6 56 1031.4
1291900320  7.6 56 1031.5
1291900380  7.6 56 1031.5
1291900440  7.6 56 1031.5
1291900500  7.6 56 1031.5
1291900560  7.6 56 1031.3
1291900620  7.6 56 1031.4
1291900680  7.6 56 1031.5
1291900740  7.6 56 1031.5
1291900800  7.6 56 1031.5
1291900860  7.6 56 1031.5
1291900920  7.6 56 1031.5
1291900980  7.6 56 1031.6
1291901040  7.6 56 1031.7
1291901100  7.6 56 1031.6
1291901160  7.6 56 1031.6
1291901220  7.6 55 1031.5
1291901280  7.6 55 1031.5
1291901340  7.6 55 1031.4
1291901400  7.6 56 1031.5
1291901460  7.6 56 1031.5
1291901520  7.6 56 1031.5
1291901580  7.6 56 1031.4
1291901640  7.6 56 1031.5
1291901700  7.6 56 1031.6
1291901760  7.6 56 1031.6
1291901820  7.6 56 1031.6
1291901880  7.6 56 1031.5
1291901940  7.6 55 1031.5
1291902000  7.6 55 1031.6
1291902060  7.6 55 1031.6
1291902120  7.6 55 1031.6
1291902180  7.6 55 1031.6
1291902240  7.6 55 1031.7
1291902300  7.6 55 1031.6
1291902360  7.6 56 1031.6
1291902420  7.6 56 1031.7
1291902480  7.6 56 1031.6
1291902540  7.6 56 1031.7
1291902600  7.6 56 1031.6
1291902660  7.6 55 1031.7
1291902720  7.6 55 1031.8
1291902780  7.6 55 1031.8
1291902840  7.6 55 1031.8
1291902900  7.6 55 1031.7
1291902960  7.6 55 1031.7
1291903020  7.6 55 1031.7
1291903080  7.6 55 1031.6
1291903140  7.6 55 1031.7
1291903200  7.6 55 1031.7
1291903260  7.6 56 1031.7
1291903320  7.6 56 1031.8
1291903380  7.6 56 1031.8
1291903440  7.6 56 1031.8
1291903500  7.6 56 1031.8
1291903560  7.7 55 1031.8
1291903620  7.6 55 1031.9
1291903680  7.6 55 1031.8
1291903740  7.7 55 1031.9
1291903800  7.7 55 1031.9
1291903860  7.7 55 1031.9
1291903920  7.7 55 1031.9
1291903980  7.7 55 1031.9
1291904040  7.7 55 1031.9
1291904100  7.7 55 1031.8
1291904160  7.7 56 1032.0
1291904220  7.7 56 1031.9
1291904280  7.7 56 1031.9
1291904340  7.7 55 1031.7
1291904400  7.7 55 1031.9
1291904460  7.7 55 1031.9
1291904520  7.7 55 1031.8
1291904580  7.7 55 1031.8
1291904640  7.7 55 1031.8
1291904700  7.7 55 1031.7
1291904760  7.8 55 1031.9
1291904820  7.8 55 1031.8
1291904880  7.8 55 1031.9
1291904940  7.8 55 1031.8
1291905000  7.8 55 1031.8
1291905060  7.8 56 1031.8
1291905120  7.8 56 1031.8
1291905180  7.8 56 1031.8
1291905240  7.8 55 1031.8
1291905300  7.8 55 1031.7
1291905360  7.8 55 1031.7
1291905420  7.8 55 1031.7
1291905480  7.8 55 1031.7
1291905540  7.8 55 1031.7
1291905600  7.8 55 1031.6
1291905660  7.8 55 1031.6
1291905720  7.8 55 1031.6
1291905780  7.8 55 1031.6
1291905840  7.8 55 1031.6
1291905900  7.8 55 1031.5
1291905960  7.9 56 1031.7
1291906020  7.8 56 1031.7
1291906080  7.8 56 1031.7
1291906140  7.9 56 1031.6
1291906200  7.9 55 1031.5
1291906260  7.9 55 1031.5
1291906320  7.9 55 1031.4
1291906380  7.9 55 1031.4
1291906440  7.9 55 1031.4
1291906500  7.9 55 1031.6
1291906560  7.9 55 1031.5
1291906620  7.9 55 1031.5
1291906680  7.9 55 1031.4
1291906740  7.9 55 1031.4
1291906800  7.9 55 1031.5
1291906860  7.9 56 1031.5
1291906920  7.9 56 1031.5
1291906980  7.9 56 1031.5
1291907040  7.9 56 1031.5
1291907100  7.9 56 1031.4
1291907160  7.9 55 1031.4
1291907220  7.9 55 1031.5
1291907280  7.9 55 1031.5
1291907340  7.9 55 1031.4
1291907400  7.9 55 1031.5
1291907460  7.9 55 1031.4
1291907520  7.9 55 1031.4
1291907580  7.9 55 1031.4
1291907640  7.9 55 1031.4
1291907700  7.9 55 1031.5
1291907760  7.8 56 1031.5
1291907820  7.8 55 1031.4
1291907880  7.8 55 1031.4
1291907940  7.8 55 1031.6
1291908000  7.8 55 1031.6
1291908060  7.8 55 1031.4
1291908120  7.8 55 1031.5
1291908180  7.8 55 1031.5
1291908240  7.8 55 1031.5
1291908300  7.8 55 1031.4
1291908360  7.8 55 1031.4
1291908420  7.8 55 1031.4
1291908480  7.8 55 1031.5
1291908540  7.8 55 1031.5
1291908600  7.8 55 1031.4
1291908660  7.8 55 1031.4
1291908720  7.8 55 1031.4
1291908780  7.8 55 1031.4
1291908840  7.8 55 1031.4
1291908900  7.8 55 1031.3
1291908960  7.8 55 1031.5
1291909020  7.8 55 1031.4
1291909080  7.8 55 1031.4
1291909140  7.8 55 1031.4
1291909200  7.8 55 1031.3
1291909260  7.8 55 1031.4
1291909320  7.8 55 1031.4
1291909380  7.8 55 1031.4
1291909440  7.8 55 1031.4
1291909500  7.8 55 1031.5
1291909560  7.7 55 1031.5
1291909620  7.7 55 1031.5
1291909680  7.7 55 1031.5
1291909740  7.8 55 1031.5
1291909800  7.7 55 1031.5
1291909860  7.7 55 1031.5
1291909920  7.7 55 1031.6
1291909980  7.7 55 1031.6
1291910040  7.7 55 1031.6
1291910100  7.7 55 1031.6
1291910160  7.7 55 1031.5
1291910220  7.7 55 1031.6
1291910280  7.7 55 1031.4
1291910340  7.7 55 1031.5
1291910400  7.7 55 1031.7
1291910460  7.7 55 1031.7
1291910520  7.7 55 1031.7
1291910580  7.7 55 1031.7
1291910640  7.7 55 1031.7
1291910700  7.7 55 1031.8
1291910760  7.7 55 1031.7
1291910820  7.7 55 1031.7
1291910880  7.7 55 1031.8
1291911000  7.7 55 1031.7
1291911060  7.7 55 1031.7
1291911120  7.7 55 1031.8
1291911180  7.7 55 1031.8
1291911240  7.7 55 1031.8
1291911300  7.7 55 1031.6
1291911360  7.6 55 1031.8
1291911420  7.7 55 1031.7
1291911480  7.6 55 1031.8
1291911540  7.7 55 1031.8
1291911600  7.7 55 1031.8
1291911660  7.7 55 1031.9
1291911720  7.6 55 1031.8
1291911780  7.6 55 1031.8
1291911840  7.6 55 1031.8
1291911900  7.6 55 1031.7
1291911960  7.6 55 1031.9
1291912020  7.6 55 1031.8
1291912080  7.6 55 1031.9
1291912140  7.6 55 1031.8
1291912200  7.6 55 1031.9
1291912260  7.6 55 1031.9
1291912320  7.6 55 1032.0
1291912380  7.6 55 1031.9
1291912440  7.6 55 1031.9
1291912500  7.6 55 1031.9
1291912560  7.6 55 1031.9
1291912620  7.6 55 1031.9
1291912680  7.6 55 1032.0
1291912740  7.6 55 1032.0
1291912800  7.6 55 1032.0
1291912860  7.6 55 1032.0
1291912920  7.6 55 1032.1
1291912980  7.6 55 1032.2
1291913040  7.6 55 1032.2
1291913100  7.6 55 1032.2
1291913160  7.6 55 1032.2
1291913220  7.6 55 1032.2
1291913280  7.6 55 1032.1
1291913340  7.6 55 1032.1
1291913400  7.6 55 1032.2
1291913460  7.6 55 1032.1
1291913520  7.6 55 1032.1
1291913580  7.6 55 1032.1
1291913640  7.6 55 1032.1
1291913700  7.6 55 1032.1
1291913760  7.6 55 1032.1
1291913820  7.6 55 1032.1
1291913880  7.6 55 1032.1
1291913940  7.6 55 1032.2
1291914000  7.6 55 1032.2
1291914060  7.6 55 1032.2
1291914120  7.6 55 1032.2
1291914180  7.6 55 1032.1
1291914240  7.6 55 1032.1
1291914300  7.6 55 1032.1
1291914360  7.6 55 1032.1
1291914420  7.6 55 1032.2
1291914480  7.6 55 1032.2
1291914540  7.6 55 1032.1
1291914600  7.6 55 1032.1
1291914660  7.6 55 1032.1
1291914720  7.5 55 1032.1
1291914780  7.6 55 1032.0
1291914840  7.6 55 1032.1
1291914900  7.6 55 1032.1
1291914960  7.6 55 1032.1
1291915080  7.5 55 1032.1
1291915140  7.6 55 1032.0
1291915200  7.5 55 1032.0
1291915260  7.5 55 1032.0
1291915320  7.5 55 1032.0
1291915380  7.5 55 1032.1
1291915440  7.5 55 1032.1
1291915500  7.5 55 1032.1
1291915560  7.5 55 1032.1
1291915620  7.5 55 1032.1
1291915680  7.5 55 1032.1
1291915740  7.5 55 1032.1
1291915800  7.5 55 1032.1
1291915860  7.5 55 1032.1
1291915920  7.5 55 1032.2
1291915980  7.5 55 1032.1
1291916040  7.5 55 1032.2
1291916100  7.5 55 1032.2
1291916160  7.5 55 1032.2
1291916220  7.5 55 1032.2
1291916280  7.5 55 1032.0
1291916340  7.5 55 1032.1
1291916400  7.5 55 1032.1
1291916460  7.5 55 1032.1
1291916520  7.5 55 1032.0
1291916580  7.5 55 1032.1
1291916640  7.5 55 1032.1
1291916700  7.5 55 1032.1
1291916760  7.5 55 1032.1
1291916820  7.5 55 1032.1
1291916880  7.4 56 1032.1
1291916940  7.5 56 1032.1
1291917000  7.5 55 1032.1
1291917060  7.5 55 1032.1
1291917120  7.5 55 1032.0
1291917180  7.5 55 1032.0
1291917240  7.5 55 1032.1
1291917300  7.4 55 1032.1
1291917360  7.4 55 1032.1
1291917420  7.5 55 1032.1
1291917480  7.5 55 1032.0
1291917540  7.5 55 1032.1
1291917600  7.5 55 1032.1
1291917660  7.4 56 1032.1
1291917720  7.4 56 1032.0
1291917780  7.4 56 1032.0
1291917840  7.4 55 1032.0
1291917900  7.4 55 1032.0
1291917960  7.4 55 1032.0
1291918020  7.4 55 1032.0
1291918080  7.4 56 1031.9
1291918140  7.4 56 1031.9
1291918200  7.4 56 1031.9
1291918260  7.4 55 1032.0
1291918320  7.4 56 1032.0
1291918380  7.4 56 1031.9
1291918440  7.4 56 1031.9
1291918500  7.4 55 1031.9
1291918560  7.4 55 1031.9
1291918680  7.4 56 1032.0
1291918740  7.4 56 1032.0
1291918800  7.4 56 1032.0
1291918860  7.4 55 1032.0
1291918920  7.4 56 1032.0
1291918980  7.4 56 1032.0
1291919040  7.4 56 1032.0
1291919100  7.4 56 1032.0
1291919160  7.4 56 1032.0
1291919220  7.4 56 1032.1
1291919280  7.4 56 1032.1
1291919340  7.4 56 1032.2
1291919400  7.4 56 1032.0
1291919460  7.4 56 1032.1
1291919520  7.4 56 1032.2
1291919580  7.4 56 1032.3
1291919640  7.4 56 1032.3
1291919700  7.4 56 1032.3
1291919760  7.4 56 1032.3
1291919820  7.4 56 1032.2
1291919880  7.4 56 1032.1
1291919940  7.4 56 1032.2
1291920000  7.4 56 1032.1
1291920060  7.4 56 1032.2
1291920120  7.4 56 1032.0
1291920180  7.4 56 1032.1
1291920240  7.4 56 1032.1
1291920300  7.4 56 1032.0
1291920360  7.4 56 1032.0
1291920420  7.4 56 1032.0
1291920480  7.4 56 1032.2
1291920540  7.4 56 1032.2
1291920600  7.4 56 1032.1
1291920660  7.4 56 1032.1
1291920720  7.4 56 1032.2
1291920780  7.4 56 1032.1
1291920840  7.4 56 1032.1
1291920900  7.4 56 1032.1
1291920960  7.4 56 1032.1
1291921020  7.4 56 1032.1
1291921080  7.4 56 1032.2
1291921140  7.4 56 1032.0
1291921200  7.4 56 1032.1
1291921260  7.4 56 1032.1
1291921320  7.4 56 1032.0
1291921380  7.4 56 1032.1
1291921440  7.4 56 1032.1
1291921500  7.4 56 1032.0
1291921560  7.4 56 1032.0
1291921620  7.4 56 1032.0
1291921680  7.4 56 1032.1
1291921740  7.4 56 1032.1
1291921800  7.4 56 1032.1
1291921860  7.4 56 1032.2
1291921920  7.4 56 1032.0
1291921980  7.4 56 1032.2
1291922040  7.4 56 1032.1
1291922100  7.4 56 1032.2
1291922220  7.4 56 1032.2
1291922280  7.4 56 1032.2
1291922340  7.4 56 1032.3
1291922400  7.4 56 1032.4
1291922460  7.4 56 1032.2
1291922520  7.4 56 1032.3
1291922580  7.4 56 1032.3
1291922640  7.4 56 1032.4
1291922700  7.3 56 1032.3
1291922760  7.4 56 1032.3
1291922820  7.4 56 1032.4
1291922880  7.4 56 1032.4
1291922940  7.4 56 1032.4
1291923000  7.4 56 1032.6
1291923060  7.4 56 1032.5
1291923120  7.3 56 1032.5
1291923180  7.4 56 1032.6
1291923240  7.4 56 1032.6
1291923300  7.3 56 1032.6
1291923360  7.3 56 1032.6
1291923420  7.4 56 1032.6
1291923480  7.4 56 1032.6
1291923540  7.3 56 1032.7
1291923600  7.3 56 1032.7
1291923660  7.4 56 1032.7
1291923720  7.3 56 1032.6
1291923780  7.4 56 1032.5
1291923840  7.4 56 1032.7
1291923900  7.3 56 1032.6
1291923960  7.3 56 1032.6
1291924020  7.3 56 1032.6
1291924080  7.3 56 1032.6
1291924140  7.3 56 1032.6
1291924200  7.3 56 1032.6
1291924260  7.3 56 1032.6
1291924320  7.3 56 1032.6
1291924380  7.3 56 1032.6
1291924440  7.3 56 1032.7
1291924500  7.3 56 1032.7
1291924560  7.3 56 1032.8
1291924620  7.4 56 1032.7
1291924680  7.4 56 1032.7
1291924740  7.4 56 1032.7
1291924800  7.3 56 1032.7
1291924860  7.3 56 1032.7
1291924920  7.3 56 1032.7
1291924980  7.3 56 1032.6
1291925040  7.3 56 1032.7
1291925100  7.3 56 1032.8
1291925160  7.3 56 1032.7
1291925220  7.3 56 1032.7
1291925280  7.3 56 1032.7
1291925340  7.3 56 1032.7
1291925400  7.3 56 1032.7
1291925460  7.3 56 1032.8
1291925520  7.3 56 1032.7
1291925580  7.3 56 1032.7
1291925640  7.3 56 1032.7
1291925700  7.3 56 1032.7
1291925820  7.3 56 1032.7
1291925880  7.3 56 1032.7
1291925940  7.3 56 1032.7
1291926000  7.3 56 1032.7
1291926060  7.3 56 1032.8
1291926120  7.3 56 1032.7
1291926180  7.3 56 1032.7
1291926240  7.3 56 1032.7
1291926300  7.3 56 1032.8
1291926360  7.3 56 1032.7
1291926420  7.3 56 1032.7
1291926480  7.3 56 1032.7
1291926540  7.3 56 1032.7
1291926600  7.3 56 1032.7
1291926660  7.3 56 1032.8
1291926720  7.3 56 1032.7
1291926780  7.3 56 1032.7
1291926840  7.3 56 1032.7
1291926900  7.3 56 1032.8
1291926960  7.3 56 1032.7
1291927020  7.3 56 1032.7
1291927080  7.3 56 1032.7
1291927140  7.3 56 1032.7
1291927200  7.3 56 1032.8
1291927260  7.3 56 1032.7
1291927320  7.3 56 1032.7
1291927380  7.3 56 1032.7
1291927440  7.3 56 1032.7
1291927500  7.3 56 1032.7
1291927560  7.3 56 1032.7
1291927620  7.3 56 1032.7
1291927680  7.3 56 1032.7
1291927740  7.3 56 1032.7
1291927800  7.3 56 1032.7
1291927860  7.3 56 1032.7
1291927920  7.3 56 1032.7
1291927980  7.3 56 1032.8
1291928040  7.3 56 1032.7
1291928100  7.3 56 1032.8
1291928160  7.3 56 1032.7
1291928220  7.3 56 1032.7
1291928280  7.3 56 1032.7
1291928340  7.3 56 1032.7
1291928400  7.3 56 1032.6
1291928460  7.3 56 1032.7
1291928520  7.3 56 1032.7
1291928580  7.3 56 1032.8
1291928640  7.3 56 1032.8
1291928700  7.3 56 1032.7
1291928760  7.3 56 1032.7
1291928820  7.3 56 1032.7
1291928880  7.3 56 1032.7
1291928940  7.3 56 1032.7
1291929000  7.3 56 1032.8
1291929060  7.3 56 1032.7
1291929120  7.3 56 1032.7
1291929180  7.3 56 1032.7
1291929240  7.3 56 1032.7
1291929300  7.3 56 1032.7
1291929420  7.3 56 1032.7
1291929480  7.3 56 1032.7
1291929540  7.3 56 1032.7
1291929660  7.3 56 1032.7
1291929720  7.3 56 1032.7
1291929780  7.3 56 1032.7
1291929840  7.3 56 1032.7
1291929900  7.3 56 1032.7
1291929960  7.3 56 1032.7
1291930020  7.3 56 1032.7
1291930080  7.3 56 1032.7
1291930140  7.3 56 1032.7
1291930200  7.3 56 1032.7
1291930260  7.3 56 1032.7
1291930320  7.3 56 1032.7
1291930380  7.3 56 1032.7
1291930440  7.3 56 1032.7
1291930500  7.3 56 1032.7
1291930560  7.3 56 1032.6
1291930620  7.3 56 1032.6
1291930680  7.3 56 1032.6
1291930740  7.3 56 1032.6
1291930800  7.3 56 1032.5
1291930860  7.3 56 1032.6
1291930920  7.3 56 1032.6
1291930980  7.3 56 1032.6
1291931040  7.3 56 1032.6
1291931100  7.3 56 1032.6
1291931160  7.3 56 1032.6
1291931220  7.3 56 1032.6
1291931280  7.3 56 1032.6
1291931340  7.3 56 1032.6
1291931400  7.3 56 1032.6
1291931460  7.3 56 1032.6
1291931520  7.3 56 1032.6
1291931580  7.3 56 1032.6
1291931640  7.3 56 1032.6
1291931700  7.3 56 1032.6
1291931760  7.3 56 1032.6
1291931820  7.3 56 1032.6
1291931880  7.3 56 1032.6
1291931940  7.3 56 1032.6
1291932000  7.2 56 1032.6
1291932060  7.2 56 1032.6
1291932120  7.2 56 1032.6
1291932180  7.2 56 1032.6
1291932240  7.2 56 1032.6
1291932300  7.2 56 1032.6
1291932360  7.2 56 1032.6
1291932420  7.2 56 1032.5
1291932480  7.2 56 1032.5
1291932540  7.2 56 1032.6
1291932600  7.2 56 1032.6
1291932660  7.2 56 1032.6
1291932720  7.3 56 1032.6
1291932780  7.2 56 1032.6
1291932840  7.2 56 1032.6
1291932900  7.3 56 1032.6
1291932960  7.2 56 1032.6
1291933020  7.2 56 1032.6
1291933080  7.2 56 1032.6
1291933140  7.2 56 1032.5
1291933200  7.2 56 1032.5
1291933260  7.2 56 1032.5
1291933320  7.2 56 1032.5
1291933380  7.3 56 1032.6
1291933440  7.2 56 1032.5
1291933500  7.2 56 1032.6
1291933560  7.2 56 1032.6
1291933620  7.2 56 1032.7
1291933680  7.3 56 1032.6
1291933740  7.2 56 1032.6
1291933800  7.3 56 1032.6
1291933860  7.3 56 1032.6
1291933920  7.2 56 1032.7
1291933980  7.2 56 1032.7
1291934040  7.2 56 1032.8
1291934100  7.2 56 1032.8
1291934160  7.2 56 1032.8
1291934220  7.2 56 1032.7
1291934280  7.2 56 1032.7
1291934340  7.2 56 1032.8
1291934400  7.2 56 1032.8
1291934460  7.2 56 1032.8
1291934520  7.2 56 1032.8
1291934580  7.2 56 1032.8
1291934640  7.3 56 1032.8
1291934700  7.3 56 1032.7
1291934760  7.2 56 1032.7
1291934820  7.2 56 1032.8
1291934880  7.2 56 1032.8
1291934940  7.2 56 1032.8
1291935000  7.2 56 1032.8
1291935060  7.2 56 1032.8
1291935120  7.2 56 1032.8
1291935180  7.2 56 1032.8
1291935240  7.2 56 1032.8
1291935300  7.2 56 1032.8
1291935360  7.2 56 1032.8
1291935420  7.2 56 1032.8
1291935480  7.2 56 1032.8
1291935540  7.2 56 1032.7
1291935600  7.2 56 1032.7
1291935660  7.2 56 1032.7
1291935720  7.2 56 1032.7
1291935780  7.2 56 1032.8
1291935840  7.2 56 1032.8
1291935900  7.2 56 1032.7
1291935960  7.2 56 1032.7
1291936020  7.2 56 1032.7
1291936080  7.2 56 1032.9
1291936140  7.2 56 1032.8
1291936200  7.2 56 1032.8
1291936260  7.2 56 1032.8
1291936320  7.2 56 1032.7
1291936380  7.2 56 1032.7
1291936440  7.2 56 1032.7
1291936500  7.2 56 1032.7
1291936560  7.2 56 1032.7
1291936620  7.2 56 1032.7
1291936680  7.2 56 1032.7
1291936740  7.2 56 1032.7
1291936800  7.2 56 1032.7
1291936860  7.2 56 1032.7
1291936920  7.2 56 1032.7
1291936980  7.2 56 1032.7
1291937040  7.2 56 1032.6
1291937100  7.2 56 1032.7
1291937160  7.2 56 1032.7
1291937220  7.2 56 1032.7
1291937280  7.2 56 1032.6
1291937340  7.2 56 1032.6
1291937400  7.2 56 1032.7
1291937460  7.2 56 1032.7
1291937520  7.2 56 1032.7
1291937580  7.2 56 1032.7
1291937640  7.2 56 1032.7
1291937700  7.2 56 1032.7
1291937760  7.2 56 1032.8
1291937820  7.2 56 1032.7
1291937880  7.2 56 1032.8
1291937940  7.2 56 1032.7
1291938000  7.2 56 1032.7
1291938060  7.2 56 1032.7
1291938120  7.2 56 1032.8
1291938180  7.2 56 1032.8
1291938240  7.2 56 1032.8
1291938300  7.2 56 1032.7
1291938360  7.2 56 1032.7
1291938420  7.2 56 1032.7
1291938480  7.2 56 1032.8
1291938540  7.2 56 1032.7
1291938600  7.2 56 1032.7
1291938660  7.2 56 1032.7
1291938720  7.2 56 1032.7
1291938780  7.2 56 1032.6
1291938840  7.2 56 1032.7
1291938900  7.2 56 1032.7
1291938960  7.2 56 1032.7
1291939020  7.2 56 1032.7
1291939080  7.2 56 1032.7
