1292716800  8.0 52 997.8
1292716860  8.0 52 997.7
1292716920  8.0 52 997.7
1292716980  7.9 52 997.6
1292717040  7.9 52 997.7
1292717100  7.9 52 997.7
1292717160  7.9 52 997.7
1292717220  7.9 52 997.7
1292717280  7.9 52 997.8
1292717340  7.9 52 997.7
1292717400  7.9 52 997.6
1292717460  7.9 52 997.6
1292717520  7.9 52 997.7
1292717580  7.9 52 997.7
1292717640  7.9 52 997.7
1292717700  7.9 52 997.7
1292717760  7.9 52 997.7
1292717820  7.9 52 997.8
1292717880  7.9 52 997.7
1292717940  7.9 52 997.7
1292718000  7.9 52 997.8
1292718060  8.0 52 997.8
1292718120  7.9 52 997.8
1292718180  7.9 52 997.8
1292718240  7.9 52 997.6
1292718300  7.9 52 997.6
1292718360  7.9 52 997.6
1292718420  7.9 52 997.7
1292718480  7.9 52 997.7
1292718540  7.9 52 997.8
1292718600  7.9 52 997.7
1292718660  7.9 52 997.7
1292718720  7.9 52 997.8
1292718780  7.9 52 997.8
1292718840  7.9 52 997.8
1292718900  7.9 52 997.8
1292718960  7.9 52 997.8
1292719020  7.9 52 997.9
1292719080  7.9 52 997.8
1292719140  7.9 52 997.9
1292719200  7.9 52 997.9
1292719260  7.9 52 997.9
1292719320  7.9 52 997.9
1292719380  7.9 52 997.9
1292719440  7.9 52 997.9
1292719500  7.9 52 997.9
1292719560  7.9 52 997.9
1292719620  7.9 52 997.9
1292719680  7.9 52 997.9
1292719740  7.9 52 997.9
1292719800  7.9 52 997.9
1292719860  7.9 52 997.8
1292719920  7.9 52 997.9
1292719980  7.9 52 997.9
1292720040  7.9 52 997.9
1292720100  7.9 52 997.9
1292720160  7.9 52 997.9
1292720220  7.9 52 998.0
1292720280  7.9 52 997.9
1292720400  7.9 52 997.9
1292720460  7.9 52 997.9
1292720520  7.9 52 997.9
1292720580  7.9 52 997.9
1292720640  7.9 52 997.9
1292720700  7.9 52 997.9
1292720760  7.9 52 997.9
1292720820  7.9 52 997.9
1292720880  7.8 52 997.9
1292720940  7.9 52 997.9
1292721000  7.8 52 997.9
1292721060  7.9 52 998.0
1292721120  7.8 52 998.0
1292721180  7.9 52 998.1
1292721240  7.9 52 998.1
1292721300  7.9 52 998.1
1292721360  7.9 52 998.1
1292721420  7.8 52 998.1
1292721480  7.8 52 998.1
1292721540  7.8 52 998.1
1292721600  7.9 52 998.1
1292721660  7.8 52 998.0
1292721720  7.9 52 998.1
1292721780  7.8 52 998.0
1292721840  7.9 52 998.2
1292721900  7.9 52 998.2
1292721960  7.9 52 998.2
1292722020  7.9 52 998.1
1292722080  7.8 52 998.2
1292722140  7.9 52 998.2
1292722200  7.8 52 998.2
1292722260  7.9 52 998.2
1292722320  7.8 52 998.3
1292722380  7.8 52 998.3
1292722440  7.9 52 998.2
1292722500  7.8 52 998.3
1292722560  7.8 52 998.3
1292722620  7.8 52 998.4
1292722680  7.8 52 998.4
1292722740  7.8 52 998.4
1292722800  7.8 52 998.4
1292722860  7.8 52 998.4
1292722920  7.8 52 998.4
1292722980  7.8 52 998.4
1292723040  7.8 52 998.4
1292723100  7.8 52 998.4
1292723160  7.8 52 998.4
1292723220  7.8 52 998.4
1292723280  7.8 52 998.4
1292723340  7.8 52 998.4
1292723400  7.8 52 998.4
1292723460  7.8 52 998.4
1292723520  7.8 52 998.4
1292723580  7.8 52 998.4
1292723640  7.8 52 998.5
1292723700  7.8 52 998.4
1292723760  7.8 52 998.4
1292723820  7.8 52 998.4
1292723880  7.8 52 998.4
1292723940  7.8 52 998.5
1292724000  7.8 52 998.5
1292724060  7.8 52 998.5
1292724120  7.8 52 998.5
1292724180  7.8 52 998.5
1292724240  7.8 52 998.5
1292724300  7.8 52 998.5
1292724360  7.8 52 998.5
1292724420  7.8 52 998.5
1292724480  7.8 52 998.5
1292724540  7.8 52 998.6
1292724600  7.8 52 998.6
1292724660  7.8 52 998.7
1292724720  7.8 52 998.6
1292724780  7.8 52 998.7
1292724840  7.8 52 998.6
1292724900  7.8 52 998.5
1292724960  7.8 52 998.6
1292725020  7.8 52 998.7
1292725080  7.8 52 998.7
1292725140  7.8 52 998.6
1292725200  7.8 52 998.6
1292725260  7.8 52 998.7
1292725320  7.8 52 998.7
1292725380  7.8 52 998.6
1292725440  7.8 52 998.6
1292725500  7.8 52 998.6
1292725560  7.8 52 998.5
1292725620  7.8 52 998.5
1292725680  7.8 52 998.5
1292725740  7.8 52 998.6
1292725800  7.8 52 998.5
1292725860  7.8 52 998.6
1292725920  7.8 52 998.6
1292725980  7.8 52 998.7
1292726040  7.8 52 998.6
1292726100  7.8 52 998.6
1292726160  7.8 52 998.6
1292726220  7.8 52 998.6
1292726280  7.8 52 998.6
1292726340  7.8 52 998.6
1292726400  7.8 52 998.6
1292726460  7.8 52 998.7
1292726520  7.8 52 998.6
1292726580  7.8 52 998.6
1292726640  7.8 52 998.7
1292726700  7.8 52 998.7
1292726760  7.8 52 998.8
1292726820  7.8 52 998.8
1292726880  7.8 52 998.8
1292726940  7.8 52 998.6
1292727000  7.8 52 998.7
1292727060  7.8 52 998.7
1292727120  7.8 52 998.6
1292727180  7.8 52 998.6
1292727240  7.8 52 998.6
1292727300  7.7 52 998.6
1292727360  7.8 52 998.7
1292727420  7.7 52 998.7
1292727480  7.7 52 998.7
1292727540  7.7 52 998.6
1292727600  7.7 52 998.6
1292727660  7.7 52 998.6
1292727720  7.8 52 998.6
1292727780  7.8 52 998.6
1292727840  7.8 52 998.7
1292727900  7.8 52 998.6
1292727960  7.8 52 998.6
1292728020  7.8 52 998.6
1292728080  7.8 52 998.6
1292728140  7.7 52 998.6
1292728200  7.7 52 998.7
1292728260  7.7 52 998.7
1292728320  7.7 52 998.6
1292728380  7.7 52 998.6
1292728440  7.7 52 998.7
1292728500  7.7 52 998.7
1292728560  7.7 52 998.6
1292728620  7.7 52 998.6
1292728680  7.7 52 998.6
1292728740  7.7 52 998.6
1292728800  7.7 52 998.7
1292728860  7.7 52 998.6
1292728920  7.7 52 998.7
1292728980  7.7 52 998.7
1292729040  7.7 52 998.7
1292729100  7.7 52 998.7
1292729160  7.7 52 998.7
1292729220  7.7 52 998.7
1292729280  7.7 52 998.7
1292729340  7.7 52 998.7
1292729400  7.7 52 998.7
1292729460  7.7 52 998.8
1292729520  7.7 52 998.7
1292729580  7.7 52 998.8
1292729640  7.7 52 998.7
1292729700  7.7 52 998.7
1292729760  7.7 52 998.7
1292729820  7.7 52 998.7
1292729880  7.7 52 998.7
1292729940  7.7 52 998.7
1292730000  7.7 52 998.8
1292730060  7.7 52 998.7
1292730120  7.7 52 998.7
1292730180  7.7 52 998.7
1292730240  7.7 52 998.7
1292730300  7.7 52 998.7
1292730360  7.7 52 998.6
1292730420  7.7 52 998.7
1292730480  7.7 52 998.7
1292730540  7.7 52 998.5
1292730600  7.7 52 998.5
1292730660  7.7 52 998.6
1292730720  7.7 52 998.6
1292730780  7.7 52 998.7
1292730840  7.7 52 998.7
1292730900  7.7 52 998.6
1292730960  7.7 52 998.7
1292731020  7.7 52 998.7
1292731080  7.7 52 998.7
1292731140  7.7 52 998.6
1292731200  7.7 52 998.7
1292731260  7.7 52 998.6
1292731320  7.7 52 998.6
1292731380  7.7 52 998.6
1292731440  7.7 52 998.5
1292731500  7.7 52 998.6
1292731560  7.7 52 998.6
1292731620  7.7 52 998.6
1292731680  7.7 52 998.6
1292731740  7.7 52 998.6
1292731800  7.7 52 998.4
1292731860  7.7 52 998.6
1292731920  7.7 52 998.4
1292731980  7.7 52 998.5
1292732040  7.7 52 998.5
1292732100  7.7 52 998.5
1292732160  7.7 52 998.5
1292732220  7.6 52 998.5
1292732280  7.6 52 998.5
1292732340  7.7 52 998.5
1292732400  7.6 52 998.6
1292732460  7.6 52 998.4
1292732520  7.6 52 998.3
1292732580  7.7 52 998.4
1292732640  7.6 52 998.5
1292732700  7.6 52 998.4
1292732760  7.6 52 998.5
1292732820  7.6 52 998.5
1292732880  7.6 52 998.5
1292732940  7.6 52 998.5
1292733000  7.6 52 998.6
1292733060  7.7 52 998.6
1292733120  7.7 52 998.7
1292733180  7.6 52 998.6
1292733240  7.6 52 998.7
1292733300  7.7 52 998.8
1292733360  7.7 52 998.8
1292733420  7.7 52 998.7
1292733480  7.7 52 998.7
1292733540  7.7 52 998.7
1292733600  7.6 52 998.8
1292733660  7.6 52 998.7
1292733720  7.6 52 998.8
1292733780  7.6 52 998.8
1292733840  7.6 52 998.7
1292733900  7.6 52 998.7
1292733960  7.6 52 998.6
1292734020  7.6 52 998.7
1292734080  7.6 52 998.7
1292734140  7.6 52 998.7
1292734200  7.6 52 998.6
1292734260  7.6 52 998.7
1292734320  7.6 52 998.7
1292734380  7.6 52 998.7
1292734440  7.6 52 998.7
1292734500  7.6 52 998.6
1292734560  7.6 52 998.7
1292734620  7.6 52 998.6
1292734680  7.6 52 998.7
1292734740  7.6 52 998.7
1292734800  7.6 52 998.7
1292734860  7.6 52 998.7
1292734920  7.6 52 998.6
1292734980  7.6 52 998.6
1292735040  7.6 52 998.6
1292735100  7.6 52 998.6
1292735280  7.6 52 998.6
1292735340  7.6 52 998.6
1292735400  7.6 52 998.6
1292735460  7.6 52 998.6
1292735520  7.6 52 998.7
1292735580  7.6 52 998.7
1292735640  7.6 52 998.7
1292735700  7.6 52 998.7
1292735760  7.6 52 998.8
1292735820  7.6 52 998.8
1292735880  7.6 52 998.8
1292735940  7.6 52 998.8
1292736000  7.6 52 998.8
1292736060  7.6 52 998.8
1292736120  7.6 52 998.8
1292736180  7.6 52 998.8
1292736240  7.6 52 998.8
1292736300  7.6 52 998.7
1292736360  7.6 52 998.8
1292736420  7.6 52 998.8
1292736480  7.6 52 998.7
1292736540  7.6 52 998.7
1292736600  7.6 52 998.7
1292736660  7.6 52 998.7
1292736720  7.6 52 998.7
1292736780  7.6 52 998.7
1292736840  7.6 52 998.5
1292736900  7.6 52 998.6
1292736960  7.6 52 998.6
1292737020  7.6 52 998.6
1292737080  7.6 52 998.5
1292737140  7.6 52 998.5
1292737200  7.6 52 998.5
1292737260  7.6 52 998.5
1292737320  7.6 52 998.5
1292737380  7.6 52 998.4
1292737440  7.6 52 998.4
1292737500  7.6 52 998.4
1292737560  7.6 52 998.3
1292737620  7.6 52 998.2
1292737680  7.6 52 998.4
1292737740  7.6 52 998.3
1292737800  7.6 52 998.3
1292737860  7.6 52 998.3
1292737920  7.6 52 998.4
1292737980  7.6 52 998.3
1292738040  7.6 52 998.3
1292738100  7.6 52 998.4
1292738160  7.6 52 998.5
1292738220  7.6 52 998.5
1292738280  7.6 52 998.4
1292738340  7.6 52 998.4
1292738400  7.6 52 998.4
1292738460  7.6 52 998.4
1292738520  7.6 52 998.4
1292738580  7.6 52 998.4
1292738640  7.6 52 998.4
1292738700  7.6 52 998.4
1292738760  7.5 52 998.4
1292738820  7.6 52 998.4
1292738880  7.6 52 998.4
1292738940  7.6 52 998.4
1292739000  7.6 52 998.4
1292739060  7.6 52 998.4
1292739120  7.5 52 998.4
1292739180  7.5 52 998.4
1292739240  7.6 52 998.4
1292739300  7.5 52 998.3
1292739360  7.5 52 998.3
1292739420  7.5 52 998.4
1292739480  7.5 52 998.3
1292739540  7.5 52 998.4
1292739600  7.5 52 998.4
1292739660  7.5 52 998.4
1292739720  7.5 52 998.2
1292739780  7.5 52 998.2
1292739840  7.5 52 998.2
1292739900  7.5 52 998.3
1292739960  7.5 52 998.4
1292740020  7.5 52 998.4
1292740080  7.5 52 998.3
1292740140  7.5 52 998.3
1292740200  7.5 52 998.3
1292740260  7.5 52 998.3
1292740320  7.5 52 998.3
1292740380  7.5 52 998.2
1292740440  7.5 52 998.2
1292740500  7.5 52 998.3
1292740560  7.5 52 998.2
1292740620  7.5 52 998.3
1292740680  7.5 52 998.3
1292740740  7.5 52 998.3
1292740800  7.5 52 998.3
1292740860  7.5 52 998.3
1292740920  7.5 52 998.1
1292740980  7.5 52 998.1
1292741040  7.5 52 998.1
1292741100  7.5 52 998.1
1292741160  7.5 52 998.1
1292741220  7.5 52 998.3
1292741280  7.5 52 998.2
1292741340  7.5 52 998.1
1292741400  7.5 52 998.1
1292741460  7.5 52 998.1
1292741520  7.5 52 998.0
1292741580  7.5 52 998.0
1292741640  7.5 52 998.0
1292741700  7.5 52 998.0
1292741760  7.5 52 998.0
1292741820  7.5 52 997.9
1292741880  7.5 51 997.9
1292741940  7.4 52 997.8
1292742000  7.5 52 997.8
1292742060  7.5 52 997.8
1292742120  7.4 52 997.8
1292742180  7.5 52 997.8
1292742240  7.5 52 997.9
1292742300  7.5 52 997.9
1292742360  7.4 52 997.9
1292742420  7.5 52 997.9
1292742480  7.4 52 998.0
1292742540  7.4 52 997.9
1292742600  7.4 52 997.9
1292742660  7.4 52 997.9
1292742720  7.4 52 997.9
1292742780  7.4 52 997.8
1292742840  7.4 52 997.8
1292742900  7.4 52 997.8
1292742960  7.4 52 997.8
1292743020  7.4 52 997.7
1292743080  7.5 52 997.7
1292743140  7.4 52 997.7
1292743200  7.4 52 997.7
1292743260  7.4 52 997.7
1292743320  7.4 51 997.7
1292743380  7.4 51 997.7
1292743440  7.4 52 997.7
1292743500  7.4 52 997.8
1292743560  7.4 52 997.7
1292743620  7.4 52 997.7
1292743680  7.4 52 997.7
1292743740  7.4 52 997.7
1292743800  7.4 52 997.7
1292743860  7.4 52 997.7
1292743920  7.4 52 997.8
1292743980  7.4 51 997.9
1292744040  7.4 52 997.9
1292744100  7.4 52 997.8
1292744160  7.4 52 997.8
1292744220  7.4 52 997.8
1292744280  7.4 52 997.9
1292744340  7.4 52 998.0
1292744400  7.4 52 998.0
1292744460  7.4 52 998.0
1292744520  7.4 51 998.0
1292744580  7.4 51 998.0
1292744640  7.4 52 998.0
1292744700  7.4 51 998.1
1292744760  7.4 52 998.1
1292744820  7.4 52 998.1
1292744880  7.4 52 998.1
1292744940  7.4 51 998.1
1292745000  7.4 52 998.1
1292745060  7.4 51 998.1
1292745120  7.4 52 998.2
1292745180  7.4 52 998.2
1292745240  7.4 52 998.2
1292745300  7.4 51 998.2
1292745360  7.4 51 998.2
1292745420  7.4 52 998.2
1292745480  7.4 51 998.2
1292745540  7.4 52 998.2
1292745600  7.4 52 998.2
1292745660  7.4 51 998.1
1292745720  7.4 51 998.1
1292745780  7.4 51 998.1
1292745840  7.4 52 998.1
1292745900  7.4 52 998.0
1292745960  7.4 52 998.1
1292746020  7.4 52 998.1
1292746080  7.4 51 998.1
1292746140  7.4 51 998.1
1292746200  7.3 51 998.1
1292746260  7.4 52 998.1
1292746320  7.4 51 998.1
1292746380  7.4 51 998.1
1292746440  7.4 52 998.1
1292746500  7.4 52 998.1
1292746560  7.3 52 998.1
1292746620  7.3 51 998.1
1292746680  7.4 51 998.1
1292746740  7.4 51 998.1
1292746800  7.3 51 998.1
1292746860  7.3 51 998.1
1292746920  7.3 52 998.1
1292746980  7.3 52 998.1
1292747040  7.3 52 998.1
1292747100  7.3 52 998.2
1292747160  7.3 51 998.1
1292747220  7.3 52 998.2
1292747280  7.3 52 998.2
1292747340  7.3 51 998.2
1292747400  7.3 51 998.2
1292747460  7.3 52 998.2
1292747520  7.3 51 998.3
1292747580  7.3 51 998.3
1292747640  7.3 51 998.3
1292747700  7.3 51 998.3
1292747760  7.3 52 998.1
1292747820  7.3 51 998.1
1292747880  7.3 52 998.2
1292747940  7.3 52 998.2
1292748000  7.3 51 998.1
1292748060  7.3 51 998.1
1292748120  7.3 51 998.1
1292748180  7.3 51 998.1
1292748240  7.3 52 998.1
1292748300  7.3 51 998.1
1292748360  7.3 52 998.1
1292748420  7.3 52 998.1
1292748480  7.3 52 998.0
1292748540  7.3 52 998.0
1292748600  7.3 52 998.1
1292748660  7.3 52 998.1
1292748720  7.3 52 998.1
1292748780  7.3 52 998.1
1292748840  7.3 51 998.0
1292748900  7.3 51 998.0
1292748960  7.3 51 997.9
1292749020  7.3 51 998.1
1292749080  7.3 51 998.1
1292749140  7.3 52 998.0
1292749200  7.3 51 998.1
1292749260  7.3 51 998.0
1292749320  7.3 51 998.0
1292749380  7.3 51 998.0
1292749440  7.3 51 998.0
1292749500  7.3 52 998.0
1292749560  7.3 51 998.0
1292749620  7.3 52 998.0
1292749680  7.3 52 998.0
1292749740  7.3 51 998.0
1292749800  7.3 52 997.9
1292749860  7.3 51 998.0
1292749920  7.3 52 998.0
1292749980  7.3 52 998.0
1292750040  7.3 51 998.0
1292750100  7.3 52 998.0
1292750160  7.3 52 997.9
1292750220  7.3 51 997.9
1292750280  7.3 52 997.9
1292750340  7.3 51 997.9
1292750400  7.3 51 997.8
1292750460  7.3 51 997.7
1292750520  7.3 51 997.7
1292750580  7.3 51 997.7
1292750640  7.3 51 997.7
1292750700  7.3 51 997.7
1292750760  7.3 51 997.7
1292750820  7.3 51 997.6
1292750880  7.3 52 997.7
1292750940  7.3 52 997.7
1292751000  7.3 52 997.7
1292751060  7.3 52 997.6
1292751120  7.3 52 997.6
1292751180  7.3 52 997.6
1292751240  7.3 52 997.5
1292751300  7.3 51 997.5
1292751360  7.3 52 997.5
1292751420  7.3 52 997.5
1292751480  7.4 52 997.6
1292751540  7.4 52 997.6
1292751600  7.4 52 997.6
1292751660  7.4 52 997.6
1292751720  7.5 52 997.6
1292751780  7.5 52 997.6
1292751840  7.6 52 997.5
1292751900  7.6 52 997.4
1292751960  7.6 52 997.4
1292752020  7.6 52 997.4
1292752080  7.6 52 997.4
1292752140  7.6 52 997.4
1292752200  7.6 52 997.4
1292752260  7.6 52 997.3
1292752320  7.7 52 997.3
1292752380  7.7 52 997.3
1292752440  7.7 52 997.3
1292752500  7.7 52 997.3
1292752560  7.7 52 997.1
1292752620  7.8 52 997.2
1292752680  7.7 52 997.2
1292752740  7.7 52 997.2
1292752800  7.7 52 997.2
1292752860  7.7 51 997.3
1292752920  7.7 51 997.3
1292752980  7.7 51 997.3
1292753040  7.7 51 997.3
1292753100  7.6 51 997.2
1292753160  7.6 51 997.4
1292753220  7.6 51 997.3
1292753280  7.6 51 997.4
1292753340  7.6 51 997.3
1292753400  7.6 51 997.2
1292753460  7.6 51 997.2
1292753520  7.6 51 997.2
1292753580  7.6 51 997.2
1292753640  7.6 51 997.2
1292753700  7.5 51 997.2
1292753760  7.5 51 997.1
1292753820  7.5 51 997.2
1292753880  7.5 51 997.2
1292753940  7.5 51 997.2
1292754000  7.5 51 997.2
1292754060  7.5 51 997.2
1292754120  7.5 51 997.1
1292754180  7.5 52 997.1
1292754240  7.5 52 997.2
1292754300  7.5 52 997.2
1292754360  7.5 52 997.2
1292754420  7.5 52 997.2
1292754480  7.5 52 997.2
1292754540  7.5 52 997.2
1292754600  7.5 52 997.2
1292754660  7.5 52 997.2
1292754720  7.5 52 997.2
1292754780  7.5 52 997.2
1292754840  7.5 52 997.1
1292754900  7.5 52 997.1
1292754960  7.5 52 997.1
1292755020  7.5 52 997.1
1292755080  7.5 52 997.1
1292755140  7.5 51 997.1
1292755200  7.5 52 997.1
1292755260  7.5 52 997.2
1292755320  7.5 52 997.0
1292755380  7.5 52 997.1
1292755440  7.5 52 997.1
1292755500  7.5 52 997.1
1292755560  7.5 52 997.1
1292755620  7.5 52 997.1
1292755680  7.5 52 997.1
1292755740  7.5 52 996.9
1292755800  7.5 52 997.0
1292755860  7.5 52 997.0
1292755920  7.5 52 996.9
1292755980  7.5 52 996.8
1292756040  7.5 52 996.9
1292756100  7.5 52 996.9
1292756160  7.5 52 996.9
1292756220  7.5 52 996.7
1292756280  7.5 52 996.7
1292756340  7.5 51 996.6
1292756400  7.5 51 996.6
1292756460  7.5 51 996.5
1292756520  7.5 51 996.6
1292756580  7.5 51 996.6
1292756640  7.5 51 996.6
1292756700  7.5 51 996.6
1292756760  7.5 51 996.6
1292756820  7.5 52 996.6
1292756880  7.5 52 996.6
1292756940  7.5 52 996.6
1292757000  7.5 52 996.6
1292757060  7.5 51 996.5
1292757120  7.5 52 996.6
1292757180  7.5 51 996.6
1292757240  7.5 52 996.6
1292757300  7.5 52 996.6
1292757360  7.5 52 996.6
1292757420  7.5 52 996.5
1292757480  7.5 52 996.5
1292757540  7.5 52 996.5
1292757600  7.5 52 996.5
1292757660  7.5 52 996.5
1292757720  7.5 52 996.5
1292757780  7.5 52 996.5
1292757840  7.5 52 996.5
1292757900  7.5 52 996.5
1292757960  7.5 52 996.5
1292758020  7.5 52 996.4
1292758080  7.5 52 996.5
1292758140  7.5 52 996.4
1292758200  7.5 52 996.4
1292758320  7.6 52 996.4
1292758380  7.6 52 996.3
1292758440  7.6 52 996.3
1292758500  7.6 52 996.3
1292758560  7.6 52 996.3
1292758620  7.6 51 996.4
1292758680  7.6 52 996.3
1292758740  7.6 52 996.3
1292758800  7.6 51 996.3
1292758860  7.6 52 996.3
1292758920  7.6 52 996.2
1292758980  7.6 51 996.3
1292759040  7.6 52 996.3
1292759100  7.6 52 996.3
1292759160  7.6 52 996.3
1292759220  7.6 52 996.2
1292759280  7.6 51 996.2
1292759340  7.6 52 996.2
1292759400  7.6 52 996.1
1292759460  7.6 51 996.1
1292759520  7.6 51 996.2
1292759640  7.6 51 996.1
1292759700  7.6 51 996.1
1292759760  7.6 51 996.1
1292759820  7.6 52 996.1
1292759880  7.6 51 996.1
1292759940  7.6 51 996.1
1292760000  7.6 51 996.1
1292760060  7.6 51 996.1
1292760120  7.6 51 996.0
1292760180  7.6 51 996.0
1292760240  7.6 51 996.0
1292760300  7.6 51 996.0
1292760360  7.6 51 996.0
1292760420  7.6 52 996.0
1292760480  7.6 51 996.0
1292760540  7.6 52 996.0
1292760600  7.6 52 996.0
1292760660  7.6 52 996.0
1292760720  7.6 52 996.0
1292760780  7.6 52 996.1
1292760840  7.6 52 996.0
1292760900  7.6 52 996.0
1292760960  7.6 52 996.0
1292761020  7.6 52 996.0
1292761080  7.6 52 996.0
1292761140  7.6 52 996.0
1292761200  7.6 52 996.0
1292761260  7.6 52 995.9
1292761320  7.6 52 995.9
1292761380  7.6 52 995.9
1292761440  7.6 51 995.9
1292761500  7.6 52 995.9
1292761560  7.6 52 995.9
1292761620  7.6 52 995.9
1292761680  7.6 51 995.9
1292761740  7.6 52 995.9
1292761800  7.6 52 995.8
1292761920  7.6 52 995.8
1292761980  7.6 52 995.8
1292762040  7.6 52 995.8
1292762100  7.6 52 995.9
1292762160  7.6 52 995.9
1292762220  7.6 52 995.9
1292762280  7.6 52 995.8
1292762340  7.6 52 995.8
1292762400  7.6 51 995.7
1292762460  7.6 52 995.7
1292762520  7.6 52 995.7
1292762580  7.6 52 995.7
1292762640  7.6 52 995.7
1292762700  7.6 52 995.7
1292762760  7.6 52 995.7
1292762820  7.6 52 995.7
1292762880  7.6 52 995.7
1292762940  7.6 52 995.7
1292763000  7.6 52 995.7
1292763060  7.6 52 995.7
1292763120  7.6 52 995.7
1292763180  7.6 52 995.6
1292763240  7.6 51 995.6
1292763300  7.6 51 995.7
1292763360  7.6 51 995.7
1292763420  7.6 52 995.7
1292763480  7.6 52 995.7
1292763540  7.6 52 995.6
1292763600  7.6 52 995.6
1292763660  7.6 52 995.5
1292763720  7.6 52 995.6
1292763780  7.6 52 995.6
1292763840  7.6 52 995.6
1292763900  7.6 52 995.6
1292763960  7.6 52 995.6
1292764020  7.6 51 995.6
1292764080  7.6 51 995.6
1292764140  7.6 52 995.6
1292764200  7.6 52 995.6
1292764260  7.6 52 995.6
1292764320  7.6 52 995.5
1292764380  7.6 52 995.6
1292764440  7.6 52 995.6
1292764500  7.6 52 995.6
1292764560  7.6 52 995.6
1292764620  7.6 52 995.6
1292764680  7.6 52 995.6
1292764740  7.6 52 995.7
1292764800  7.6 52 995.6
1292764860  7.6 52 995.6
1292764920  7.6 52 995.6
1292764980  7.6 52 995.7
1292765040  7.6 52 995.6
1292765100  7.6 52 995.6
1292765160  7.6 52 995.7
1292765220  7.6 52 995.7
1292765280  7.6 52 995.7
1292765340  7.6 52 995.7
1292765400  7.6 52 995.7
1292765520  7.6 52 995.7
1292765580  7.6 52 995.7
1292765640  7.6 52 995.7
1292765700  7.6 52 995.6
1292765760  7.7 52 995.6
1292765820  7.6 52 995.7
1292765880  7.6 52 995.7
1292765940  7.6 52 995.7
1292766000  7.6 52 995.6
1292766060  7.7 52 995.6
1292766120  7.6 52 995.6
1292766180  7.7 52 995.6
1292766240  7.7 52 995.5
1292766300  7.7 52 995.6
1292766360  7.7 52 995.5
1292766420  7.7 52 995.5
1292766480  7.7 52 995.5
1292766540  7.7 52 995.6
1292766600  7.7 52 995.6
1292766660  7.7 52 995.6
1292766720  7.7 52 995.6
1292766780  7.7 52 995.5
1292766840  7.7 52 995.6
1292766900  7.7 52 995.6
1292766960  7.7 52 995.6
1292767020  7.7 52 995.5
1292767080  7.7 52 995.5
1292767140  7.7 52 995.5
1292767200  7.7 52 995.5
1292767260  7.6 51 995.6
1292767320  7.6 52 995.7
1292767380  7.7 52 995.6
1292767440  7.7 52 995.6
1292767500  7.7 52 995.6
1292767560  7.7 52 995.6
1292767620  7.6 52 995.6
1292767680  7.6 52 995.6
1292767740  7.7 52 995.6
1292767800  7.7 52 995.6
1292767860  7.6 52 995.7
1292767920  7.7 52 995.7
1292767980  7.7 52 995.6
1292768040  7.7 52 995.7
1292768100  7.7 52 995.7
1292768160  7.7 52 995.8
1292768220  7.7 52 995.8
1292768280  7.7 52 995.8
1292768340  7.7 52 995.8
1292768400  7.7 52 995.7
1292768460  7.7 52 995.7
1292768520  7.7 52 995.7
1292768580  7.7 52 995.7
1292768640  7.7 52 995.7
1292768700  7.7 52 995.7
1292768760  7.7 52 995.6
1292768820  7.7 52 995.6
1292768880  7.7 52 995.6
1292768940  7.7 52 995.7
1292769120  7.7 52 995.8
1292769180  7.7 52 995.8
1292769240  7.7 51 995.9
1292769300  7.7 52 995.8
1292769360  7.7 51 995.8
1292769420  7.7 52 995.9
1292769480  7.7 52 995.9
1292769540  7.7 52 995.8
1292769600  7.7 51 995.9
1292769660  7.7 52 995.9
1292769720  7.7 51 995.8
1292769780  7.6 52 995.9
1292769840  7.7 52 995.9
1292769900  7.6 52 996.0
1292769960  7.6 52 996.0
1292770020  7.6 51 996.0
1292770080  7.6 51 996.0
1292770140  7.6 52 996.0
1292770200  7.6 52 996.0
1292770260  7.6 52 996.0
1292770320  7.6 52 995.9
1292770380  7.6 52 996.0
1292770440  7.6 52 996.0
1292770500  7.6 52 996.0
1292770560  7.6 52 996.0
1292770620  7.6 52 996.0
1292770680  7.6 52 996.0
1292770740  7.6 52 996.0
1292770800  7.6 52 996.0
1292770860  7.6 51 996.0
1292770920  7.6 51 996.0
1292770980  7.6 52 996.0
1292771040  7.6 52 996.0
1292771100  7.6 52 996.1
1292771160  7.6 52 996.1
1292771220  7.6 52 996.0
1292771280  7.6 52 996.0
1292771340  7.6 52 996.0
1292771400  7.6 52 996.1
1292771460  7.6 52 996.2
1292771520  7.6 52 996.1
1292771580  7.6 52 996.1
1292771640  7.6 52 996.2
1292771700  7.6 52 996.2
1292771760  7.6 52 996.2
1292771820  7.6 52 996.2
1292771880  7.6 52 996.2
1292771940  7.6 52 996.2
1292772000  7.6 52 996.2
1292772060  7.6 52 996.2
1292772120  7.6 52 996.2
1292772180  7.6 52 996.2
1292772240  7.6 52 996.2
1292772300  7.6 52 996.2
1292772360  7.6 52 996.2
1292772420  7.6 52 996.2
1292772480  7.6 52 996.2
1292772540  7.6 52 996.2
1292772600  7.6 52 996.3
1292772720  7.6 52 996.3
1292772840  7.6 52 996.3
1292772900  7.6 52 996.3
1292772960  7.6 52 996.3
1292773020  7.6 52 996.3
1292773080  7.6 52 996.3
1292773140  7.6 52 996.3
1292773200  7.6 52 996.3
1292773260  7.6 52 996.3
1292773320  7.6 52 996.4
1292773380  7.6 52 996.3
1292773440  7.6 52 996.4
1292773500  7.6 52 996.4
1292773560  7.6 52 996.4
1292773620  7.6 52 996.4
1292773680  7.6 52 996.4
1292773740  7.6 52 996.4
1292773800  7.6 52 996.4
1292773860  7.6 52 996.4
1292773920  7.6 52 996.6
1292773980  7.6 52 996.5
1292774040  7.6 52 996.5
1292774100  7.6 52 996.5
1292774160  7.6 52 996.6
1292774220  7.6 52 996.6
1292774280  7.6 52 996.5
1292774340  7.6 52 996.4
1292774400  7.6 52 996.4
1292774460  7.6 52 996.4
1292774520  7.6 52 996.6
1292774580  7.6 52 996.5
1292774640  7.6 52 996.6
1292774700  7.6 52 996.7
1292774760  7.6 52 996.6
1292774820  7.6 52 996.7
1292774880  7.6 52 996.7
1292774940  7.6 52 996.6
1292775000  7.6 52 996.6
1292775060  7.6 52 996.6
1292775120  7.6 52 996.6
1292775180  7.6 52 996.6
1292775240  7.6 52 996.6
1292775300  7.6 52 996.7
1292775360  7.6 52 996.7
1292775420  7.6 52 996.6
1292775480  7.6 52 996.7
1292775540  7.6 52 996.7
1292775600  7.6 52 996.7
1292775660  7.6 52 996.7
1292775720  7.6 52 996.6
1292775780  7.6 52 996.7
1292775840  7.6 52 996.7
1292775900  7.6 52 996.7
1292775960  7.6 52 996.8
1292776020  7.6 52 996.7
1292776080  7.6 52 996.8
1292776140  7.6 52 996.8
1292776200  7.6 52 996.8
1292776260  7.6 52 996.8
1292776320  7.6 52 996.7
1292776380  7.6 52 996.9
1292776440  7.6 52 996.9
1292776500  7.6 52 996.9
1292776620  7.6 52 996.9
1292776680  7.6 52 996.9
1292776740  7.6 52 996.9
1292776800  7.6 52 996.9
1292776860  7.6 52 996.9
1292776920  7.6 52 997.0
1292776980  7.6 52 997.1
1292777040  7.6 52 997.1
1292777100  7.6 52 997.0
1292777160  7.6 52 997.0
1292777220  7.6 52 997.1
1292777280  7.6 52 997.1
1292777340  7.6 52 997.1
1292777400  7.6 52 997.1
1292777460  7.6 52 997.1
1292777520  7.6 52 997.1
1292777580  7.6 52 997.1
1292777640  7.6 52 997.1
1292777700  7.6 52 997.1
1292777760  7.6 52 997.2
1292777820  7.6 52 997.2
1292777880  7.6 52 997.3
1292777940  7.6 52 997.2
1292778000  7.6 52 997.2
1292778060  7.6 52 997.2
1292778120  7.6 52 997.3
1292778180  7.6 52 997.3
1292778240  7.6 52 997.3
1292778300  7.6 52 997.2
1292778360  7.6 52 997.3
1292778420  7.6 52 997.3
1292778480  7.6 52 997.3
1292778540  7.6 52 997.3
1292778600  7.6 52 997.4
1292778660  7.6 52 997.4
1292778720  7.6 52 997.3
1292778780  7.6 52 997.4
1292778840  7.6 52 997.3
1292778900  7.6 52 997.4
1292778960  7.6 52 997.4
1292779020  7.6 52 997.3
1292779080  7.6 52 997.4
1292779140  7.6 52 997.3
1292779200  7.6 52 997.3
1292779260  7.6 52 997.3
1292779320  7.6 52 997.5
1292779380  7.6 52 997.5
1292779440  7.6 52 997.4
1292779500  7.6 52 997.4
1292779560  7.6 52 997.6
1292779620  7.6 52 997.5
1292779680  7.6 52 997.6
1292779740  7.6 52 997.6
1292779800  7.6 52 997.6
1292779860  7.6 52 997.6
1292779920  7.6 52 997.6
1292779980  7.6 52 997.6
1292780040  7.6 52 997.7
1292780100  7.6 52 997.7
1292780160  7.6 52 997.6
1292780220  7.6 52 997.7
1292780280  7.6 52 997.6
1292780340  7.6 52 997.7
1292780400  7.6 52 997.7
1292780460  7.6 52 997.7
1292780520  7.6 52 997.7
1292780580  7.6 52 997.7
1292780640  7.6 52 997.7
1292780700  7.6 52 997.8
1292780760  7.6 52 997.8
1292780820  7.6 52 997.7
1292780880  7.6 52 997.8
1292780940  7.6 52 997.7
1292781000  7.6 52 997.8
1292781060  7.6 52 997.8
1292781120  7.6 52 997.8
1292781180  7.6 52 997.8
1292781240  7.6 52 997.8
1292781300  7.6 52 997.7
1292781360  7.6 52 997.7
1292781420  7.6 52 997.7
1292781480  7.6 52 997.7
1292781540  7.6 52 997.7
1292781600  7.6 52 997.7
1292781660  7.6 52 997.7
1292781720  7.6 52 997.7
1292781780  7.6 52 997.8
1292781840  7.6 52 997.7
1292781900  7.6 52 997.7
1292781960  7.6 52 997.7
1292782020  7.6 52 997.8
1292782080  7.6 52 997.8
1292782140  7.6 52 997.8
1292782200  7.6 52 997.9
1292782260  7.6 52 997.9
1292782320  7.6 52 997.9
1292782380  7.6 52 997.9
1292782440  7.6 52 997.9
1292782500  7.6 52 997.9
1292782560  7.6 52 997.9
1292782620  7.6 52 997.9
1292782680  7.6 52 998.0
1292782740  7.6 52 998.0
1292782800  7.6 52 997.9
1292782860  7.6 52 997.9
1292782920  7.6 52 997.9
1292782980  7.6 52 998.0
1292783040  7.6 52 998.0
1292783100  7.6 52 998.1
1292783160  7.6 52 998.1
1292783220  7.6 52 998.1
1292783280  7.6 52 998.2
1292783340  7.6 52 998.3
1292783400  7.6 52 998.3
1292783460  7.6 52 998.3
1292783520  7.6 52 998.3
1292783580  7.6 52 998.3
1292783640  7.6 52 998.3
1292783700  7.6 52 998.4
1292783760  7.6 52 998.4
1292783820  7.6 52 998.4
1292783880  7.6 52 998.4
1292783940  7.6 52 998.3
1292784000  7.6 52 998.4
1292784060  7.6 52 998.3
1292784120  7.6 52 998.3
1292784180  7.6 52 998.3
1292784240  7.6 52 998.4
1292784300  7.6 52 998.3
1292784360  7.6 52 998.4
1292784420  7.6 52 998.4
1292784480  7.6 52 998.4
1292784540  7.6 52 998.4
1292784600  7.6 52 998.4
1292784660  7.6 52 998.3
1292784720  7.6 52 998.3
1292784780  7.6 52 998.3
1292784840  7.6 52 998.4
1292784900  7.6 52 998.4
1292784960  7.6 52 998.4
1292785020  7.6 52 998.4
1292785080  7.6 52 998.4
1292785140  7.6 52 998.4
1292785200  7.6 52 998.4
1292785320  7.6 52 998.4
1292785380  7.6 52 998.4
1292785440  7.6 52 998.4
1292785500  7.6 52 998.5
1292785560  7.6 52 998.5
1292785620  7.6 52 998.6
1292785680  7.6 52 998.6
1292785740  7.5 52 998.6
1292785800  7.6 52 998.6
1292785860  7.6 52 998.5
1292785920  7.6 52 998.5
1292785980  7.6 52 998.5
1292786040  7.6 52 998.6
1292786100  7.6 52 998.6
1292786160  7.6 52 998.6
1292786220  7.6 52 998.6
1292786280  7.6 52 998.6
1292786340  7.6 52 998.6
1292786400  7.6 52 998.6
1292786460  7.6 52 998.6
1292786520  7.6 52 998.6
1292786580  7.6 52 998.6
1292786640  7.6 52 998.6
1292786700  7.6 52 998.6
1292786760  7.6 52 998.7
1292786820  7.6 52 998.7
1292786880  7.6 52 998.8
1292786940  7.6 52 998.8
1292787000  7.6 52 998.8
1292787060  7.6 52 998.9
1292787120  7.6 52 998.9
1292787180  7.6 52 998.9
1292787240  7.6 52 998.9
1292787300  7.6 52 999.0
1292787360  7.6 52 999.0
1292787420  7.5 52 999.1
1292787480  7.5 52 999.0
1292787540  7.5 52 999.1
1292787600  7.5 52 999.1
1292787660  7.5 52 999.2
1292787720  7.6 52 999.2
1292787780  7.6 52 999.2
1292787840  7.5 52 999.2
1292787900  7.5 52 999.3
1292787960  7.5 52 999.2
1292788020  7.5 52 999.3
1292788080  7.5 52 999.3
1292788140  7.5 52 999.3
1292788200  7.5 52 999.3
1292788260  7.5 52 999.3
1292788320  7.5 52 999.3
1292788380  7.5 52 999.3
1292788440  7.5 52 999.3
1292788500  7.5 52 999.4
1292788560  7.5 52 999.4
1292788620  7.5 52 999.4
1292788680  7.5 52 999.4
1292788740  7.5 52 999.4
1292788800  7.5 52 999.5
1292788860  7.5 52 999.4
1292788920  7.5 52 999.6
1292788980  7.5 52 999.6
1292789040  7.5 52 999.7
1292789100  7.5 52 999.7
1292789160  7.5 52 999.7
1292789220  7.5 52 999.6
1292789280  7.5 52 999.7
1292789340  7.5 52 999.7
1292789400  7.5 52 999.8
1292789460  7.5 52 999.7
1292789520  7.5 52 999.7
1292789580  7.5 52 999.7
1292789640  7.5 52 999.8
1292789700  7.5 52 999.7
1292789760  7.5 52 999.8
1292789820  7.4 52 999.8
1292789880  7.4 52 999.9
1292789940  7.5 52 999.9
1292790000  7.4 52 999.9
1292790060  7.5 52 999.9
1292790120  7.5 52 999.9
1292790180  7.5 52 999.9
1292790240  7.5 52 999.9
1292790300  7.5 52 999.9
1292790360  7.5 52 1000.0
1292790420  7.5 52 1000.0
1292790480  7.5 52 1000.0
1292790540  7.5 52 999.9
1292790600  7.5 52 1000.0
1292790660  7.5 52 1000.1
1292790720  7.5 52 1000.0
1292790780  7.5 52 1000.0
1292790840  7.5 52 1000.0
1292790900  7.5 52 1000.0
1292790960  7.5 52 1000.0
1292791020  7.5 52 1000.0
1292791080  7.5 52 1000.1
1292791140  7.4 52 1000.0
1292791200  7.5 52 1000.0
1292791260  7.5 52 1000.1
1292791320  7.5 52 1000.1
1292791380  7.5 52 1000.1
1292791440  7.5 52 1000.1
1292791500  7.5 52 1000.1
1292791560  7.5 52 1000.1
1292791620  7.4 52 1000.0
1292791680  7.5 52 1000.0
1292791740  7.5 52 1000.2
1292791800  7.5 52 1000.1
1292791860  7.5 52 1000.1
1292791920  7.4 52 1000.3
1292791980  7.4 52 1000.3
1292792040  7.4 52 1000.3
1292792100  7.4 52 1000.3
1292792160  7.5 52 1000.4
1292792220  7.5 52 1000.5
1292792280  7.5 52 1000.4
1292792340  7.4 52 1000.4
1292792400  7.4 52 1000.4
1292792460  7.4 52 1000.5
1292792520  7.4 52 1000.4
1292792580  7.4 52 1000.4
1292792640  7.4 52 1000.4
1292792700  7.4 52 1000.4
1292792760  7.4 52 1000.4
1292792820  7.4 52 1000.4
1292792880  7.4 52 1000.5
1292792940  7.4 52 1000.5
1292793000  7.4 52 1000.5
1292793060  7.4 52 1000.6
1292793120  7.4 52 1000.5
1292793180  7.3 52 1000.7
1292793240  7.3 52 1000.6
1292793300  7.3 52 1000.6
1292793360  7.3 52 1000.6
1292793420  7.4 52 1000.6
1292793480  7.3 52 1000.6
1292793540  7.4 52 1000.6
1292793600  7.4 52 1000.6
1292793660  7.4 52 1000.7
1292793720  7.3 52 1000.7
1292793780  7.3 52 1000.6
1292793840  7.3 52 1000.6
1292793900  7.3 52 1000.6
1292793960  7.3 52 1000.6
1292794020  7.3 52 1000.7
1292794080  7.3 52 1000.7
1292794200  7.3 52 1000.7
1292794260  7.3 52 1000.7
1292794320  7.3 52 1000.7
1292794380  7.4 52 1000.7
1292794440  7.4 52 1000.7
1292794500  7.4 52 1000.7
1292794560  7.4 52 1000.7
1292794620  7.4 52 1000.7
1292794680  7.4 52 1000.7
1292794740  7.4 52 1000.7
1292794800  7.4 52 1000.7
1292794860  7.4 52 1000.7
1292794920  7.3 52 1000.7
1292794980  7.3 52 1000.8
1292795040  7.3 52 1000.8
1292795100  7.3 52 1000.8
1292795160  7.3 52 1000.8
1292795220  7.3 52 1000.8
1292795280  7.4 52 1000.7
1292795340  7.4 52 1000.8
1292795400  7.3 52 1000.7
1292795460  7.3 52 1000.8
1292795520  7.3 52 1000.7
1292795580  7.3 52 1000.7
1292795640  7.3 52 1000.7
1292795700  7.3 52 1000.7
1292795760  7.3 52 1000.7
1292795820  7.3 52 1000.8
1292795880  7.3 52 1000.7
1292795940  7.3 52 1000.7
1292796000  7.3 52 1000.6
1292796060  7.3 52 1000.6
1292796120  7.3 52 1000.7
1292796180  7.3 52 1000.6
1292796240  7.3 52 1000.7
1292796300  7.3 52 1000.7
1292796360  7.3 52 1000.7
1292796420  7.3 52 1000.7
1292796480  7.3 52 1000.7
1292796540  7.3 52 1000.8
1292796600  7.3 52 1000.8
1292796660  7.3 52 1000.8
1292796720  7.3 52 1000.9
1292796780  7.3 52 1001.0
1292796840  7.3 52 1000.9
1292796900  7.3 52 1000.9
1292796960  7.3 52 1000.9
1292797020  7.3 52 1001.1
1292797080  7.3 52 1001.0
1292797140  7.3 52 1001.0
1292797200  7.3 52 1001.1
1292797260  7.3 52 1001.2
1292797380  7.3 52 1001.2
1292797440  7.3 52 1001.2
1292797500  7.3 52 1001.2
1292797560  7.3 52 1001.2
1292797620  7.3 52 1001.3
1292797680  7.3 52 1001.3
1292797740  7.3 52 1001.4
1292797800  7.3 52 1001.3
1292797860  7.3 52 1001.4
1292797920  7.3 52 1001.4
1292797980  7.3 52 1001.4
1292798040  7.3 52 1001.4
1292798100  7.3 52 1001.4
1292798160  7.3 52 1001.4
1292798220  7.3 52 1001.5
1292798280  7.3 52 1001.6
1292798340  7.3 52 1001.6
1292798400  7.3 52 1001.6
1292798460  7.3 52 1001.7
1292798520  7.3 52 1001.6
1292798580  7.3 52 1001.7
1292798640  7.3 52 1001.7
1292798700  7.3 52 1001.7
1292798760  7.3 52 1001.7
1292798820  7.3 52 1001.8
1292798880  7.3 52 1001.8
1292798940  7.3 52 1001.8
1292799000  7.2 52 1001.8
1292799060  7.3 52 1001.8
1292799120  7.2 52 1001.8
1292799180  7.2 52 1002.0
1292799240  7.2 52 1002.1
1292799300  7.2 52 1002.1
1292799360  7.2 52 1002.1
1292799420  7.2 52 1002.1
1292799480  7.2 52 1002.2
1292799540  7.2 52 1002.1
1292799600  7.2 52 1002.1
1292799660  7.2 52 1002.1
1292799720  7.2 52 1002.1
1292799780  7.2 52 1002.2
1292799840  7.2 52 1002.2
1292799900  7.2 52 1002.2
1292799960  7.2 52 1002.2
1292800020  7.2 52 1002.1
1292800080  7.2 52 1002.2
1292800140  7.2 52 1002.2
1292800200  7.2 52 1002.2
1292800260  7.2 52 1002.2
1292800320  7.2 52 1002.2
1292800380  7.2 52 1002.2
1292800440  7.2 52 1002.3
1292800500  7.2 52 1002.3
1292800560  7.2 52 1002.3
1292800620  7.2 52 1002.4
1292800680  7.2 52 1002.5
1292800740  7.2 52 1002.4
1292800800  7.2 52 1002.5
1292800860  7.2 52 1002.5
1292800920  7.2 52 1002.5
1292800980  7.2 52 1002.5
1292801040  7.2 52 1002.6
1292801100  7.2 52 1002.6
1292801160  7.2 52 1002.6
1292801220  7.2 52 1002.6
1292801280  7.2 52 1002.6
1292801340  7.2 52 1002.6
1292801400  7.2 52 1002.6
1292801460  7.2 52 1002.6
1292801520  7.2 52 1002.7
1292801580  7.2 52 1002.7
1292801640  7.2 52 1002.7
1292801700  7.2 52 1002.7
1292801760  7.2 52 1002.7
1292801820  7.2 52 1002.7
1292801880  7.2 52 1002.9
1292801940  7.2 52 1002.9
1292802000  7.2 52 1002.8
1292802060  7.2 52 1002.8
1292802120  7.2 52 1002.8
1292802180  7.2 52 1002.9
1292802240  7.2 52 1002.9
1292802300  7.2 52 1002.9
1292802360  7.2 52 1002.9
1292802420  7.2 52 1002.8
1292802480  7.2 52 1002.9
1292802540  7.2 52 1002.9
1292802600  7.2 52 1002.9
1292802660  7.2 52 1002.9
1292802720  7.2 52 1002.9
1292802780  7.2 52 1002.9
1292802840  7.2 52 1003.0
1292802900  7.2 52 1003.0
1292802960  7.2 52 1002.9
1292803020  7.2 52 1002.9
1292803080  7.2 52 1002.9
1292803140  7.2 52 1003.0
