1291420800  6.4 55 1008.9
1291420860  6.4 55 1008.8
1291420920  6.4 55 1008.9
1291420980  6.4 55 1008.8
1291421040  6.4 55 1008.8
1291421100  6.4 55 1008.7
1291421160  6.4 55 1008.8
1291421220  6.4 55 1008.8
1291421280  6.4 55 1008.8
1291421340  6.4 55 1008.8
1291421400  6.4 55 1008.7
1291421460  6.4 55 1008.7
1291421520  6.4 55 1008.7
1291421580  6.4 55 1008.7
1291421640  6.4 55 1008.7
1291421700  6.4 55 1008.7
1291421760  6.4 55 1008.7
1291421820  6.4 55 1008.7
1291421880  6.4 55 1008.7
1291421940  6.4 55 1008.7
1291422000  6.4 55 1008.7
1291422060  6.4 55 1008.6
1291422120  6.4 55 1008.6
1291422180  6.4 55 1008.5
1291422240  6.4 55 1008.5
1291422300  6.4 55 1008.5
1291422360  6.4 55 1008.5
1291422420  6.4 55 1008.4
1291422480  6.4 55 1008.4
1291422540  6.4 55 1008.4
1291422600  6.4 55 1008.4
1291422660  6.4 55 1008.4
1291422720  6.4 55 1008.5
1291422780  6.4 55 1008.4
1291422840  6.4 55 1008.4
1291422900  6.4 55 1008.4
1291422960  6.4 55 1008.4
1291423020  6.4 55 1008.4
1291423080  6.4 55 1008.4
1291423140  6.4 55 1008.4
1291423200  6.4 55 1008.3
1291423260  6.4 55 1008.3
1291423320  6.4 55 1008.3
1291423380  6.4 55 1008.4
1291423440  6.4 55 1008.4
1291423500  6.4 55 1008.3
1291423560  6.4 55 1008.3
1291423620  6.4 55 1008.2
1291423680  6.4 55 1008.3
1291423740  6.4 55 1008.3
1291423800  6.4 55 1008.3
1291423860  6.4 55 1008.3
1291423920  6.4 55 1008.3
1291423980  6.4 55 1008.2
1291424040  6.4 55 1008.3
1291424100  6.4 55 1008.2
1291424160  6.4 55 1008.2
1291424220  6.4 55 1008.1
1291424280  6.4 55 1008.1
1291424340  6.4 55 1008.1
1291424400  6.4 55 1008.1
1291424460  6.4 55 1008.0
1291424520  6.4 55 1008.0
1291424580  6.4 55 1008.0
1291424640  6.4 55 1008.0
1291424700  6.4 55 1007.9
1291424760  6.4 55 1007.9
1291424820  6.4 55 1008.0
1291424880  6.4 55 1007.9
1291424940  6.4 55 1007.8
1291425060  6.4 55 1007.8
1291425120  6.4 55 1007.8
1291425180  6.4 55 1007.8
1291425240  6.4 55 1007.7
1291425300  6.4 55 1007.7
1291425360  6.4 55 1007.8
1291425420  6.4 55 1007.8
1291425480  6.4 55 1007.8
1291425540  6.4 55 1007.8
1291425600  6.4 55 1007.7
1291425660  6.4 55 1007.7
1291425720  6.4 55 1007.7
1291425780  6.4 55 1007.8
1291425840  6.4 55 1007.8
1291425900  6.4 55 1007.7
1291425960  6.4 55 1007.7
1291426020  6.4 55 1007.8
1291426080  6.4 55 1007.8
1291426140  6.4 55 1007.8
1291426200  6.4 55 1007.7
1291426260  6.4 55 1007.7
1291426320  6.4 55 1007.7
1291426380  6.4 55 1007.7
1291426440  6.4 55 1007.8
1291426500  6.4 55 1007.8
1291426560  6.4 55 1007.8
1291426620  6.4 55 1007.7
1291426680  6.4 55 1007.7
1291426740  6.4 55 1007.7
1291426800  6.4 55 1007.7
1291426860  6.4 55 1007.7
1291426920  6.4 55 1007.7
1291426980  6.4 55 1007.7
1291427040  6.4 55 1007.7
1291427100  6.4 55 1007.7
1291427160  6.4 55 1007.8
1291427220  6.4 55 1007.7
1291427280  6.4 55 1007.7
1291427340  6.4 55 1007.8
1291427400  6.4 55 1007.7
1291427460  6.4 55 1007.7
1291427520  6.4 55 1007.7
1291427580  6.4 55 1007.7
1291427640  6.4 55 1007.7
1291427700  6.4 55 1007.6
1291427760  6.4 55 1007.6
1291427820  6.4 55 1007.6
1291427880  6.4 55 1007.5
1291427940  6.4 55 1007.6
1291428000  6.4 55 1007.6
1291428060  6.4 55 1007.7
1291428120  6.4 55 1007.7
1291428180  6.4 55 1007.7
1291428240  6.4 55 1007.7
1291428300  6.4 55 1007.7
1291428360  6.4 55 1007.7
1291428420  6.4 55 1007.7
1291428480  6.4 55 1007.7
1291428540  6.4 55 1007.7
1291428600  6.4 55 1007.7
1291428660  6.4 55 1007.7
1291428720  6.4 55 1007.7
1291428780  6.4 55 1007.8
1291428840  6.4 55 1007.8
1291428900  6.4 55 1007.7
1291428960  6.4 55 1007.7
1291429020  6.4 55 1007.8
1291429080  6.4 55 1007.7
1291429140  6.4 55 1007.7
1291429200  6.4 55 1007.7
1291429260  6.4 55 1007.7
1291429320  6.4 55 1007.7
1291429380  6.4 55 1007.7
1291429440  6.4 55 1007.7
1291429500  6.4 55 1007.7
1291429560  6.4 55 1007.7
1291429620  6.4 55 1007.6
1291429680  6.4 55 1007.7
1291429740  6.4 55 1007.6
1291429800  6.4 55 1007.7
1291429860  6.4 55 1007.7
1291429920  6.4 55 1007.7
1291429980  6.4 55 1007.6
1291430040  6.4 55 1007.5
1291430100  6.4 55 1007.6
1291430160  6.4 55 1007.6
1291430220  6.4 55 1007.7
1291430280  6.4 55 1007.6
1291430340  6.4 55 1007.6
1291430400  6.4 55 1007.7
1291430460  6.4 55 1007.7
1291430520  6.4 55 1007.7
1291430580  6.4 55 1007.6
1291430640  6.4 55 1007.5
1291430700  6.4 55 1007.6
1291430760  6.4 55 1007.6
1291430820  6.4 55 1007.6
1291430880  6.4 55 1007.6
1291430940  6.4 55 1007.6
1291431000  6.4 55 1007.6
1291431060  6.4 55 1007.6
1291431120  6.4 55 1007.6
1291431180  6.4 55 1007.6
1291431240  6.4 55 1007.6
1291431300  6.4 56 1007.5
1291431360  6.4 55 1007.6
1291431420  6.4 55 1007.6
1291431480  6.4 55 1007.6
1291431540  6.4 56 1007.6
1291431600  6.4 56 1007.6
1291431660  6.4 55 1007.6
1291431720  6.4 55 1007.6
1291431780  6.4 56 1007.6
1291431840  6.4 56 1007.6
1291431960  6.4 56 1007.5
1291432020  6.4 56 1007.5
1291432080  6.4 56 1007.5
1291432140  6.4 56 1007.5
1291432200  6.4 56 1007.5
1291432260  6.4 56 1007.5
1291432320  6.4 56 1007.5
1291432380  6.4 56 1007.5
1291432440  6.4 56 1007.5
1291432500  6.4 56 1007.5
1291432560  6.4 56 1007.5
1291432620  6.4 56 1007.5
1291432680  6.4 56 1007.5
1291432740  6.4 56 1007.5
1291432800  6.4 56 1007.5
1291432860  6.4 56 1007.5
1291432920  6.4 56 1007.5
1291432980  6.4 56 1007.5
1291433040  6.4 56 1007.5
1291433100  6.4 56 1007.5
1291433160  6.4 56 1007.5
1291433220  6.4 56 1007.5
1291433280  6.4 56 1007.6
1291433340  6.4 56 1007.6
1291433400  6.4 56 1007.5
1291433460  6.4 56 1007.5
1291433520  6.4 56 1007.5
1291433580  6.4 56 1007.5
1291433640  6.4 56 1007.4
1291433700  6.4 56 1007.4
1291433760  6.4 56 1007.5
1291433820  6.4 56 1007.5
1291433880  6.4 56 1007.5
1291433940  6.4 56 1007.5
1291434000  6.4 56 1007.5
1291434060  6.4 56 1007.5
1291434120  6.4 56 1007.5
1291434180  6.4 56 1007.3
1291434240  6.4 56 1007.3
1291434300  6.4 56 1007.4
1291434360  6.4 56 1007.2
1291434420  6.4 56 1007.2
1291434480  6.4 56 1007.2
1291434540  6.4 56 1007.2
1291434660  6.4 56 1007.2
1291434720  6.4 56 1007.2
1291434780  6.4 56 1007.2
1291434840  6.4 56 1007.2
1291434900  6.4 56 1007.2
1291434960  6.4 56 1007.1
1291435020  6.4 56 1007.1
1291435080  6.4 56 1007.1
1291435140  6.4 56 1007.1
1291435200  6.4 56 1007.1
1291435260  6.4 56 1007.1
1291435320  6.4 56 1007.1
1291435380  6.4 56 1007.1
1291435440  6.4 56 1007.1
1291435500  6.4 56 1007.1
1291435560  6.4 56 1007.0
1291435620  6.4 56 1007.1
1291435680  6.4 56 1007.0
1291435740  6.4 56 1006.9
1291435800  6.4 56 1007.0
1291435860  6.4 56 1006.9
1291435920  6.4 56 1006.9
1291435980  6.4 56 1006.9
1291436040  6.4 56 1006.9
1291436100  6.4 56 1007.0
1291436160  6.4 56 1007.0
1291436220  6.4 56 1007.0
1291436280  6.4 56 1007.0
1291436340  6.4 56 1006.9
1291436400  6.4 56 1006.9
1291436460  6.4 56 1006.9
1291436520  6.4 56 1006.9
1291436580  6.4 56 1006.9
1291436640  6.4 56 1006.9
1291436700  6.4 56 1007.0
1291436760  6.4 56 1007.0
1291436820  6.5 56 1007.0
1291436880  6.4 56 1007.1
1291436940  6.4 56 1007.1
1291437000  6.4 56 1007.0
1291437060  6.4 56 1007.1
1291437120  6.4 56 1007.1
1291437180  6.4 56 1007.1
1291437240  6.4 56 1007.1
1291437300  6.4 56 1007.0
1291437360  6.4 56 1007.0
1291437420  6.4 56 1007.1
1291437480  6.4 56 1006.9
1291437540  6.4 56 1007.1
1291437600  6.4 56 1007.0
1291437660  6.4 56 1007.0
1291437720  6.4 56 1007.0
1291437780  6.4 56 1006.9
1291437840  6.4 56 1006.9
1291437900  6.4 56 1006.9
1291437960  6.4 56 1007.0
1291438020  6.4 56 1006.9
1291438080  6.4 56 1006.9
1291438140  6.4 56 1006.9
1291438200  6.4 56 1007.0
1291438260  6.5 56 1007.0
1291438320  6.5 56 1006.9
1291438380  6.4 56 1006.9
1291438440  6.4 56 1006.9
1291438500  6.5 56 1006.9
1291438560  6.5 56 1006.9
1291438620  6.4 56 1007.0
1291438680  6.4 56 1006.9
1291438740  6.5 56 1006.9
1291438800  6.4 56 1007.0
1291438860  6.5 56 1007.0
1291438920  6.5 56 1007.0
1291438980  6.5 56 1007.0
1291439040  6.5 56 1007.0
1291439100  6.4 56 1007.0
1291439160  6.4 56 1007.0
1291439220  6.4 56 1006.9
1291439280  6.4 56 1007.0
1291439340  6.4 56 1006.9
1291439400  6.5 56 1007.0
1291439460  6.5 56 1006.9
1291439520  6.4 56 1006.9
1291439580  6.4 56 1006.9
1291439640  6.4 56 1006.9
1291439700  6.5 56 1006.9
1291439760  6.5 56 1006.9
1291439820  6.5 56 1006.9
1291439880  6.5 56 1006.8
1291439940  6.4 56 1006.8
1291440000  6.4 56 1006.7
1291440060  6.4 56 1006.8
1291440120  6.5 56 1006.7
1291440180  6.5 56 1006.7
1291440240  6.5 56 1006.7
1291440300  6.5 56 1006.8
1291440360  6.5 56 1006.8
1291440420  6.5 56 1006.8
1291440480  6.5 56 1006.8
1291440540  6.5 56 1006.8
1291440600  6.5 56 1006.7
1291440660  6.5 56 1006.7
1291440720  6.5 56 1006.6
1291440780  6.5 56 1006.6
1291440840  6.5 56 1006.6
1291440900  6.5 56 1006.8
1291440960  6.5 56 1006.8
1291441020  6.5 56 1006.8
1291441080  6.5 56 1006.8
1291441140  6.5 56 1006.9
1291441200  6.5 56 1006.7
1291441260  6.5 56 1006.9
1291441320  6.5 56 1006.9
1291441380  6.5 56 1006.9
1291441440  6.5 56 1006.9
1291441500  6.5 56 1006.9
1291441560  6.5 56 1006.9
1291441620  6.5 56 1006.9
1291441680  6.5 56 1007.0
1291441740  6.5 56 1006.9
1291441800  6.5 56 1007.0
1291441860  6.5 56 1006.9
1291441920  6.5 56 1006.9
1291441980  6.5 56 1006.9
1291442040  6.5 56 1006.9
1291442100  6.5 56 1007.0
1291442160  6.5 56 1006.9
1291442220  6.5 56 1006.9
1291442280  6.5 56 1006.9
1291442340  6.5 56 1006.9
1291442400  6.5 56 1006.9
1291442460  6.5 56 1006.9
1291442520  6.5 56 1006.9
1291442580  6.5 56 1006.9
1291442640  6.5 56 1006.9
1291442700  6.5 56 1007.0
1291442760  6.5 56 1007.0
1291442820  6.5 56 1007.0
1291442880  6.5 56 1007.0
1291442940  6.5 56 1007.0
1291443000  6.5 56 1007.0
1291443060  6.5 56 1006.9
1291443120  6.5 56 1007.0
1291443180  6.5 56 1006.9
1291443240  6.5 56 1006.9
1291443300  6.5 56 1006.9
1291443360  6.5 56 1006.9
1291443420  6.5 56 1006.9
1291443480  6.5 56 1006.9
1291443540  6.5 56 1006.9
1291443600  6.5 56 1006.9
1291443660  6.5 56 1007.0
1291443720  6.5 56 1006.9
1291443780  6.5 56 1006.9
1291443840  6.5 56 1006.9
1291443900  6.5 56 1006.9
1291443960  6.5 56 1006.9
1291444020  6.5 56 1006.9
1291444080  6.5 57 1006.9
1291444140  6.5 56 1007.0
1291444200  6.5 57 1007.0
1291444260  6.5 56 1007.0
1291444320  6.5 57 1006.9
1291444380  6.5 56 1007.0
1291444440  6.5 57 1006.9
1291444500  6.5 57 1007.0
1291444560  6.5 57 1007.0
1291444620  6.5 57 1007.0
1291444680  6.5 57 1006.9
1291444740  6.5 57 1006.8
1291444800  6.5 57 1006.9
1291444860  6.5 57 1006.9
1291444920  6.5 57 1007.0
1291445040  6.5 57 1006.8
1291445160  6.5 57 1006.8
1291445220  6.5 57 1006.8
1291445280  6.5 57 1006.8
1291445340  6.5 57 1006.7
1291445400  6.5 57 1006.8
1291445460  6.5 57 1006.7
1291445520  6.5 57 1006.7
1291445580  6.5 57 1006.7
1291445640  6.5 57 1006.7
1291445700  6.5 57 1006.7
1291445760  6.5 57 1006.7
1291445820  6.5 57 1006.7
1291445880  6.5 57 1006.6
1291445940  6.5 57 1006.7
1291446000  6.5 57 1006.6
1291446060  6.5 57 1006.7
1291446120  6.5 57 1006.7
1291446180  6.5 57 1006.7
1291446240  6.5 57 1006.7
1291446300  6.5 57 1006.7
1291446360  6.5 57 1006.7
1291446420  6.5 57 1006.7
1291446480  6.5 57 1006.7
1291446540  6.5 57 1006.7
1291446600  6.5 57 1006.6
1291446660  6.5 57 1006.7
1291446720  6.5 57 1006.7
1291446780  6.5 57 1006.6
1291446840  6.5 57 1006.7
1291446900  6.5 57 1006.7
1291446960  6.5 57 1006.7
1291447020  6.5 57 1006.7
1291447080  6.5 57 1006.7
1291447140  6.5 57 1006.7
1291447200  6.5 57 1006.7
1291447260  6.5 57 1006.7
1291447320  6.5 57 1006.6
1291447380  6.5 57 1006.6
1291447440  6.5 57 1006.7
1291447500  6.5 57 1006.6
1291447560  6.5 57 1006.6
1291447620  6.5 57 1006.6
1291447680  6.5 57 1006.7
1291447740  6.5 57 1006.7
1291447800  6.5 57 1006.6
1291447860  6.5 57 1006.6
1291447920  6.5 57 1006.6
1291447980  6.5 57 1006.7
1291448040  6.5 57 1006.7
1291448100  6.5 57 1006.7
1291448160  6.5 57 1006.7
1291448220  6.5 57 1006.7
1291448280  6.5 57 1006.8
1291448340  6.5 57 1006.8
1291448400  6.5 57 1006.8
1291448460  6.5 57 1006.9
1291448520  6.5 57 1006.7
1291448580  6.5 57 1006.7
1291448640  6.5 57 1006.8
1291448700  6.5 57 1006.9
1291448760  6.5 57 1006.9
1291448820  6.5 57 1006.9
1291448880  6.5 57 1006.9
1291448940  6.5 57 1007.0
1291449000  6.5 57 1007.0
1291449060  6.5 57 1006.9
1291449120  6.5 57 1007.0
1291449180  6.5 57 1007.0
1291449240  6.5 57 1007.1
1291449300  6.5 57 1007.1
1291449360  6.5 57 1007.1
1291449420  6.5 57 1007.1
1291449480  6.5 57 1007.1
1291449540  6.5 57 1007.1
1291449600  6.5 57 1007.1
1291449660  6.5 57 1007.0
1291449720  6.5 57 1007.1
1291449780  6.5 57 1007.1
1291449840  6.5 57 1007.1
1291449900  6.5 57 1007.1
1291449960  6.5 57 1007.1
1291450020  6.5 57 1007.1
1291450080  6.5 57 1007.1
1291450140  6.5 57 1007.1
1291450200  6.5 57 1007.1
1291450260  6.5 57 1007.2
1291450320  6.5 57 1007.2
1291450380  6.5 57 1007.1
1291450440  6.5 57 1007.2
1291450500  6.5 57 1007.2
1291450560  6.5 57 1007.2
1291450620  6.5 57 1007.2
1291450680  6.5 57 1007.2
1291450740  6.5 57 1007.3
1291450800  6.5 57 1007.2
1291450860  6.5 57 1007.2
1291450920  6.5 57 1007.1
1291450980  6.5 57 1007.3
1291451040  6.5 57 1007.3
1291451100  6.5 57 1007.2
1291451160  6.5 57 1007.2
1291451220  6.5 57 1007.2
1291451280  6.5 57 1007.2
1291451340  6.6 57 1007.4
1291451400  6.5 57 1007.3
1291451460  6.5 57 1007.2
1291451520  6.5 57 1007.3
1291451580  6.5 57 1007.3
1291451640  6.5 57 1007.3
1291451700  6.5 57 1007.3
1291451760  6.5 57 1007.3
1291451820  6.5 57 1007.3
1291451880  6.6 57 1007.3
1291451940  6.5 57 1007.3
1291452000  6.5 57 1007.3
1291452060  6.6 57 1007.3
1291452120  6.6 57 1007.3
1291452180  6.6 57 1007.3
1291452240  6.5 57 1007.3
1291452300  6.6 57 1007.3
1291452360  6.6 57 1007.3
1291452420  6.6 57 1007.3
1291452480  6.5 57 1007.4
1291452540  6.5 57 1007.3
1291452600  6.5 57 1007.3
1291452660  6.5 57 1007.3
1291452720  6.6 57 1007.3
1291452780  6.6 57 1007.4
1291452840  6.6 57 1007.2
1291452900  6.6 57 1007.3
1291452960  6.6 57 1007.3
1291453020  6.6 57 1007.3
1291453080  6.6 57 1007.3
1291453140  6.6 57 1007.3
1291453200  6.6 57 1007.4
1291453260  6.6 57 1007.4
1291453320  6.5 58 1007.4
1291453380  6.5 57 1007.4
1291453440  6.5 57 1007.4
1291453500  6.5 57 1007.4
1291453560  6.5 57 1007.4
1291453620  6.5 57 1007.4
1291453680  6.5 57 1007.4
1291453740  6.5 57 1007.5
1291453800  6.6 57 1007.5
1291453860  6.6 57 1007.5
1291453920  6.5 57 1007.6
1291453980  6.5 57 1007.6
1291454040  6.6 57 1007.7
1291454100  6.6 57 1007.6
1291454160  6.6 57 1007.7
1291454220  6.6 58 1007.7
1291454280  6.6 58 1007.7
1291454340  6.6 58 1007.7
1291454400  6.6 57 1007.6
1291454460  6.6 57 1007.7
1291454520  6.6 57 1007.7
1291454580  6.6 57 1007.5
1291454640  6.6 57 1007.5
1291454700  6.6 57 1007.5
1291454760  6.6 57 1007.6
1291454820  6.6 57 1007.6
1291454880  6.6 57 1007.6
1291454940  6.6 57 1007.6
1291455000  6.6 57 1007.6
1291455060  6.6 58 1007.7
1291455120  6.6 58 1007.6
1291455180  6.6 58 1007.7
1291455240  6.6 58 1007.7
1291455300  6.6 57 1007.6
1291455360  6.6 58 1007.7
1291455420  6.6 57 1007.7
1291455480  6.6 58 1007.7
1291455540  6.6 58 1007.7
1291455600  6.6 57 1007.7
1291455660  6.6 58 1007.6
1291455720  6.6 57 1007.6
1291455780  6.6 57 1007.6
1291455840  6.6 57 1007.6
1291455900  6.6 58 1007.4
1291455960  6.6 57 1007.5
1291456020  6.6 58 1007.5
1291456080  6.6 58 1007.5
1291456140  6.6 58 1007.5
1291456200  6.6 58 1007.5
1291456260  6.6 58 1007.4
1291456320  6.6 58 1007.4
1291456380  6.6 58 1007.5
1291456440  6.6 58 1007.4
1291456500  6.6 58 1007.5
1291456560  6.6 58 1007.4
1291456620  6.6 58 1007.5
1291456680  6.6 58 1007.5
1291456740  6.6 58 1007.5
1291456800  6.6 58 1007.5
1291456860  6.6 58 1007.5
1291456920  6.6 58 1007.5
1291456980  6.6 58 1007.5
1291457040  6.6 58 1007.5
1291457100  6.6 58 1007.4
1291457160  6.6 58 1007.4
1291457220  6.6 58 1007.4
1291457280  6.6 58 1007.4
1291457340  6.6 58 1007.4
1291457400  6.6 58 1007.4
1291457460  6.6 58 1007.5
1291457520  6.6 58 1007.4
1291457580  6.6 58 1007.4
1291457640  6.6 58 1007.4
1291457700  6.6 58 1007.5
1291457760  6.6 58 1007.5
1291457820  6.6 58 1007.6
1291457880  6.6 58 1007.6
1291457940  6.6 58 1007.6
1291458000  6.6 58 1007.6
1291458060  6.6 58 1007.5
1291458120  6.7 58 1007.5
1291458180  6.7 58 1007.5
1291458240  6.7 58 1007.5
1291458300  6.7 58 1007.5
1291458360  6.7 58 1007.6
1291458420  6.7 58 1007.6
1291458480  6.7 58 1007.6
1291458540  6.7 58 1007.6
1291458600  6.8 58 1007.6
1291458660  6.8 58 1007.6
1291458720  6.8 59 1007.6
1291458780  6.8 58 1007.6
1291458840  6.8 58 1007.7
1291458900  6.8 58 1007.7
1291458960  6.8 58 1007.7
1291459020  6.8 58 1007.6
1291459080  6.8 58 1007.6
1291459140  6.8 58 1007.6
1291459200  6.8 58 1007.6
1291459260  6.8 58 1007.6
1291459320  6.8 58 1007.6
1291459380  6.8 58 1007.6
1291459440  6.8 58 1007.6
1291459500  6.8 58 1007.6
1291459560  6.8 58 1007.6
1291459620  6.8 59 1007.5
1291459680  6.8 58 1007.5
1291459740  6.8 58 1007.5
1291459800  6.8 58 1007.4
1291459860  6.8 58 1007.4
1291459920  6.8 58 1007.3
1291459980  6.8 58 1007.3
1291460040  6.8 58 1007.3
1291460100  6.8 58 1007.3
1291460160  6.8 58 1007.3
1291460220  6.8 58 1007.2
1291460280  6.8 58 1007.2
1291460340  6.8 58 1007.2
1291460400  6.9 58 1007.3
1291460460  6.9 58 1007.3
1291460520  6.8 58 1007.3
1291460580  6.8 58 1007.2
1291460640  6.9 58 1007.2
1291460700  6.8 58 1007.2
1291460760  6.8 58 1007.3
1291460820  6.8 58 1007.3
1291460880  6.9 58 1007.3
1291460940  6.9 58 1007.3
1291461000  6.9 58 1007.3
1291461060  6.9 58 1007.2
1291461120  6.9 58 1007.2
1291461180  6.9 58 1007.2
1291461240  6.9 58 1007.3
1291461300  6.9 58 1007.2
1291461360  6.9 58 1007.2
1291461420  6.9 58 1007.2
1291461480  6.9 58 1007.2
1291461540  6.9 58 1007.2
1291461600  6.9 58 1007.2
1291461660  6.9 58 1007.2
1291461720  6.9 58 1007.2
1291461780  6.9 58 1007.2
1291461840  6.9 58 1007.3
1291461900  6.9 58 1007.3
1291461960  6.9 58 1007.3
1291462020  6.9 58 1007.2
1291462080  6.9 58 1007.2
1291462140  6.9 58 1007.2
1291462200  6.9 58 1007.2
1291462260  6.9 58 1007.2
1291462320  6.9 58 1007.2
1291462380  6.9 58 1007.2
1291462440  6.9 58 1007.2
1291462560  6.9 58 1007.2
1291462620  7.0 58 1007.2
1291462680  6.9 58 1007.2
1291462740  6.9 58 1007.2
1291462800  7.0 58 1007.2
1291462860  6.9 58 1007.2
1291462920  7.0 58 1007.2
1291462980  7.0 58 1007.2
1291463040  7.0 58 1007.2
1291463100  7.0 58 1007.2
1291463160  7.0 58 1007.2
1291463220  7.0 58 1007.1
1291463280  7.0 58 1007.1
1291463340  7.0 58 1007.1
1291463400  7.0 58 1007.1
1291463460  7.0 58 1007.2
1291463520  7.0 58 1007.2
1291463580  7.0 58 1007.1
1291463640  7.0 58 1007.1
1291463700  7.0 58 1007.1
1291463760  7.0 58 1007.1
1291463820  7.0 58 1007.1
1291463880  7.0 58 1007.0
1291463940  7.0 58 1007.1
1291464000  7.0 58 1006.9
1291464060  7.0 58 1006.9
1291464120  7.0 58 1007.0
1291464180  7.0 58 1007.0
1291464240  7.0 58 1007.0
1291464300  7.0 58 1007.0
1291464360  7.0 58 1006.9
1291464420  7.0 58 1006.9
1291464480  7.0 58 1007.1
1291464540  7.0 58 1007.0
1291464600  7.0 58 1007.0
1291464660  7.0 58 1007.0
1291464720  7.0 58 1007.0
1291464780  7.0 58 1006.8
1291464840  7.0 58 1006.8
1291464900  7.0 58 1006.8
1291464960  7.0 58 1006.8
1291465020  7.0 58 1006.7
1291465080  7.0 58 1006.8
1291465140  7.0 58 1006.8
1291465200  7.0 58 1006.8
1291465260  7.0 58 1006.8
1291465320  7.0 58 1006.8
1291465380  7.0 58 1006.8
1291465440  7.0 58 1006.8
1291465500  7.0 58 1006.8
1291465560  7.0 58 1006.8
1291465620  7.0 58 1006.8
1291465680  7.0 58 1006.8
1291465740  7.0 58 1006.7
1291465800  7.0 58 1006.7
1291465860  7.0 58 1006.7
1291465920  7.0 58 1006.7
1291465980  7.0 58 1006.6
1291466040  7.0 58 1006.7
1291466100  7.0 58 1006.7
1291466160  7.0 58 1006.6
1291466220  7.0 58 1006.6
1291466280  7.0 58 1006.7
1291466340  7.0 58 1006.6
1291466400  7.0 58 1006.6
1291466460  7.0 58 1006.6
1291466520  7.0 58 1006.6
1291466580  7.0 58 1006.6
1291466640  7.0 58 1006.6
1291466700  7.0 58 1006.6
1291466760  7.0 58 1006.7
1291466820  7.0 58 1006.7
1291466880  7.0 58 1006.7
1291466940  7.0 58 1006.7
1291467000  7.0 58 1006.7
1291467060  7.0 58 1006.8
1291467120  7.0 58 1006.8
1291467180  7.1 58 1006.8
1291467240  7.0 58 1006.7
1291467300  7.1 58 1006.7
1291467360  7.0 58 1006.6
1291467420  7.0 58 1006.5
1291467480  7.1 58 1006.6
1291467540  7.1 58 1006.7
1291467600  7.0 58 1006.7
1291467660  7.1 58 1006.7
1291467720  7.1 58 1006.7
1291467780  7.0 58 1006.5
1291467840  7.0 58 1006.6
1291467900  7.0 58 1006.6
1291467960  7.0 58 1006.5
1291468020  7.1 58 1006.5
1291468080  7.1 58 1006.5
1291468140  7.1 58 1006.5
1291468200  7.1 58 1006.5
1291468260  7.1 58 1006.5
1291468320  7.1 58 1006.5
1291468380  7.1 58 1006.6
1291468440  7.1 58 1006.5
1291468500  7.1 58 1006.6
1291468560  7.1 58 1006.6
1291468620  7.1 58 1006.6
1291468680  7.1 58 1006.6
1291468740  7.1 58 1006.6
1291468800  7.1 58 1006.6
1291468860  7.1 58 1006.6
1291468920  7.1 58 1006.6
1291468980  7.1 58 1006.5
1291469040  7.1 58 1006.4
1291469100  7.1 58 1006.5
1291469160  7.1 58 1006.4
1291469220  7.1 58 1006.5
1291469280  7.1 58 1006.5
1291469340  7.1 58 1006.4
1291469400  7.1 58 1006.3
1291469460  7.1 58 1006.3
1291469520  7.1 58 1006.3
1291469580  7.1 58 1006.4
1291469640  7.1 58 1006.3
1291469700  7.1 58 1006.3
1291469760  7.1 58 1006.2
1291469820  7.1 58 1006.2
1291469880  7.1 58 1006.2
1291469940  7.1 58 1006.3
1291470000  7.1 58 1006.3
1291470060  7.1 58 1006.3
1291470120  7.1 58 1006.3
1291470180  7.1 58 1006.2
1291470240  7.1 58 1006.2
1291470300  7.1 58 1006.2
1291470360  7.1 58 1006.2
1291470420  7.1 58 1006.2
1291470480  7.1 58 1006.2
1291470540  7.1 58 1006.2
1291470600  7.1 58 1006.2
1291470660  7.1 58 1006.2
1291470720  7.1 58 1006.2
1291470780  7.1 58 1006.2
1291470840  7.1 58 1006.1
1291470900  7.1 58 1006.1
1291470960  7.1 58 1006.1
1291471020  7.1 58 1006.2
1291471080  7.1 58 1006.2
1291471140  7.2 58 1006.2
1291471200  7.2 58 1006.1
1291471260  7.1 58 1006.1
1291471320  7.1 58 1006.1
1291471380  7.1 58 1006.2
1291471440  7.1 58 1006.1
1291471500  7.1 58 1006.2
1291471560  7.1 58 1006.1
1291471620  7.1 58 1006.1
1291471680  7.1 58 1006.1
1291471740  7.1 58 1006.1
1291471800  7.2 58 1006.1
1291471860  7.1 58 1006.1
1291471920  7.1 58 1006.1
1291471980  7.1 58 1006.0
1291472040  7.2 58 1006.1
1291472100  7.1 58 1006.1
1291472160  7.1 58 1006.1
1291472220  7.1 58 1006.1
1291472280  7.1 58 1006.1
1291472340  7.1 58 1006.1
1291472400  7.1 58 1006.1
1291472460  7.1 58 1006.0
1291472520  7.1 58 1006.0
1291472580  7.2 58 1006.0
1291472640  7.1 58 1005.8
1291472700  7.1 58 1005.9
1291472760  7.1 58 1005.7
1291472820  7.2 58 1005.7
1291472880  7.1 58 1005.7
1291472940  7.2 58 1005.7
1291473000  7.1 58 1005.7
1291473060  7.1 58 1005.8
1291473120  7.1 58 1005.8
1291473180  7.1 58 1005.7
1291473240  7.2 58 1005.8
1291473300  7.1 58 1005.8
1291473360  7.1 58 1005.8
1291473420  7.1 58 1005.8
1291473480  7.1 58 1005.8
1291473540  7.1 58 1005.8
1291473600  7.1 58 1005.8
1291473660  7.1 58 1005.8
1291473720  7.1 58 1005.7
1291473780  7.1 58 1005.7
1291473840  7.1 58 1005.7
1291473900  7.2 58 1005.6
1291473960  7.2 58 1005.7
1291474020  7.1 59 1005.7
1291474080  7.1 58 1005.6
1291474140  7.1 58 1005.7
1291474260  7.1 58 1005.6
1291474320  7.1 58 1005.6
1291474380  7.1 58 1005.6
1291474440  7.1 58 1005.6
1291474500  7.1 58 1005.6
1291474560  7.1 58 1005.6
1291474620  7.2 58 1005.6
1291474680  7.1 58 1005.6
1291474740  7.1 58 1005.5
1291474800  7.1 58 1005.5
1291474860  7.2 58 1005.6
1291474920  7.2 59 1005.5
1291474980  7.1 59 1005.5
1291475040  7.1 59 1005.5
1291475100  7.1 58 1005.5
1291475160  7.1 58 1005.4
1291475220  7.1 58 1005.5
1291475280  7.1 58 1005.5
1291475340  7.1 58 1005.5
1291475400  7.1 58 1005.4
1291475460  7.2 58 1005.4
1291475520  7.1 58 1005.4
1291475580  7.1 58 1005.4
1291475640  7.1 58 1005.4
1291475700  7.2 58 1005.4
1291475760  7.2 58 1005.5
1291475820  7.1 59 1005.4
1291475880  7.1 58 1005.5
1291475940  7.1 58 1005.5
1291476000  7.1 58 1005.5
1291476060  7.2 59 1005.4
1291476120  7.1 58 1005.4
1291476180  7.2 58 1005.4
1291476240  7.2 58 1005.4
1291476300  7.2 58 1005.4
1291476360  7.2 58 1005.5
1291476420  7.2 58 1005.5
1291476480  7.2 58 1005.5
1291476540  7.2 58 1005.4
1291476600  7.2 58 1005.5
1291476660  7.2 59 1005.4
1291476720  7.2 59 1005.4
1291476780  7.1 59 1005.5
1291476840  7.1 59 1005.5
1291476900  7.1 59 1005.5
1291476960  7.2 59 1005.3
1291477020  7.1 58 1005.3
1291477080  7.1 58 1005.4
1291477140  7.1 58 1005.4
1291477200  7.1 58 1005.4
1291477260  7.1 58 1005.4
1291477320  7.1 58 1005.3
1291477380  7.1 58 1005.3
1291477440  7.1 58 1005.3
1291477500  7.2 58 1005.3
1291477560  7.1 59 1005.3
1291477620  7.2 59 1005.3
1291477680  7.1 59 1005.2
1291477740  7.1 59 1005.2
1291477800  7.1 59 1005.2
1291477860  7.2 59 1005.3
1291477920  7.1 59 1005.3
1291477980  7.1 59 1005.2
1291478040  7.1 59 1005.2
1291478100  7.2 58 1005.3
1291478160  7.1 58 1005.3
1291478220  7.1 58 1005.3
1291478280  7.2 58 1005.3
1291478340  7.1 58 1005.2
1291478400  7.2 58 1005.2
1291478460  7.2 59 1005.2
1291478520  7.2 59 1005.2
1291478580  7.2 59 1005.2
1291478640  7.2 59 1005.2
1291478700  7.1 59 1005.2
1291478760  7.1 59 1005.3
1291478820  7.1 59 1005.2
1291478880  7.2 59 1005.2
1291478940  7.2 59 1005.1
1291479120  7.2 59 1005.3
1291479180  7.2 59 1005.3
1291479240  7.2 59 1005.3
1291479300  7.2 59 1005.2
1291479360  7.2 59 1005.2
1291479420  7.2 59 1005.2
1291479480  7.2 59 1005.2
1291479540  7.1 59 1005.2
1291479600  7.2 59 1005.2
1291479660  7.1 59 1005.2
1291479720  7.1 59 1005.2
1291479780  7.1 59 1005.2
1291479840  7.1 59 1005.2
1291479900  7.2 59 1005.3
1291479960  7.1 59 1005.2
1291480020  7.2 59 1005.3
1291480080  7.2 59 1005.2
1291480140  7.2 59 1005.2
1291480200  7.2 59 1005.3
1291480260  7.2 59 1005.3
1291480320  7.2 59 1005.3
1291480380  7.2 59 1005.3
1291480440  7.2 59 1005.3
1291480500  7.2 59 1005.3
1291480560  7.2 59 1005.3
1291480620  7.2 59 1005.1
1291480680  7.2 59 1005.2
1291480740  7.2 59 1005.2
1291480800  7.2 59 1005.2
1291480860  7.2 59 1005.3
1291480920  7.2 59 1005.3
1291480980  7.2 59 1005.3
1291481040  7.2 59 1005.3
1291481100  7.2 59 1005.3
1291481160  7.2 59 1005.3
1291481220  7.2 59 1005.3
1291481280  7.2 59 1005.3
1291481340  7.2 59 1005.3
1291481400  7.2 59 1005.3
1291481460  7.2 59 1005.2
1291481520  7.2 59 1005.2
1291481580  7.2 59 1005.2
1291481640  7.2 59 1005.2
1291481700  7.2 59 1005.2
1291481760  7.2 59 1005.3
1291481820  7.2 59 1005.3
1291481880  7.2 59 1005.2
1291481940  7.2 59 1005.2
1291482000  7.2 59 1005.3
1291482060  7.2 59 1005.3
1291482120  7.2 59 1005.1
1291482180  7.2 59 1005.1
1291482240  7.2 59 1005.1
1291482300  7.2 59 1005.1
1291482360  7.2 59 1005.2
1291482420  7.2 59 1005.2
1291482480  7.2 59 1005.2
1291482540  7.2 59 1005.1
1291482660  7.2 59 1005.1
1291482720  7.2 59 1005.2
1291482780  7.2 59 1005.1
1291482840  7.2 59 1005.1
1291482900  7.2 59 1005.1
1291483080  7.2 59 1005.2
1291483140  7.2 59 1005.1
1291483200  7.2 59 1005.1
1291483260  7.2 59 1005.2
1291483320  7.2 59 1005.0
1291483380  7.2 59 1005.1
1291483440  7.2 59 1005.0
1291483500  7.2 59 1005.0
1291483560  7.2 59 1005.0
1291483620  7.2 59 1005.0
1291483680  7.2 59 1005.0
1291483740  7.2 59 1005.0
1291483800  7.2 59 1004.9
1291483860  7.2 59 1004.9
1291483920  7.2 59 1005.0
1291483980  7.2 59 1004.9
1291484040  7.2 59 1004.9
1291484100  7.2 59 1004.8
1291484160  7.2 59 1004.8
1291484220  7.2 59 1004.8
1291484280  7.2 59 1004.8
1291484340  7.2 59 1004.9
1291484400  7.2 59 1004.8
1291484460  7.2 59 1004.8
1291484520  7.2 59 1004.8
1291484640  7.2 59 1004.8
1291484700  7.2 59 1004.8
1291484760  7.2 59 1004.8
1291484820  7.2 59 1004.8
1291484880  7.2 59 1004.9
1291484940  7.2 59 1004.8
1291485000  7.2 59 1004.8
1291485060  7.2 59 1004.8
1291485120  7.2 59 1004.8
1291485180  7.2 59 1004.7
1291485240  7.2 59 1004.7
1291485300  7.2 59 1004.7
1291485360  7.2 59 1004.7
1291485420  7.2 59 1004.7
1291485480  7.2 59 1004.7
1291485540  7.2 59 1004.7
1291485600  7.2 59 1004.7
1291485660  7.2 59 1004.7
1291485720  7.2 59 1004.6
1291485780  7.2 59 1004.7
1291485840  7.2 59 1004.7
1291485900  7.2 59 1004.7
1291485960  7.2 59 1004.7
1291486020  7.2 59 1004.7
1291486080  7.2 59 1004.7
1291486140  7.2 59 1004.7
1291486200  7.2 59 1004.6
1291486260  7.2 59 1004.7
1291486320  7.2 59 1004.7
1291486380  7.2 59 1004.6
1291486440  7.2 59 1004.6
1291486500  7.2 59 1004.7
1291486560  7.2 59 1004.7
1291486620  7.2 59 1004.7
1291486740  7.2 59 1004.6
1291486800  7.2 59 1004.6
1291486860  7.2 59 1004.5
1291486920  7.2 59 1004.5
1291486980  7.2 59 1004.5
1291487040  7.2 59 1004.6
1291487100  7.2 59 1004.5
1291487160  7.2 59 1004.5
1291487220  7.2 59 1004.5
1291487280  7.2 59 1004.6
1291487340  7.2 59 1004.5
1291487400  7.2 59 1004.5
1291487460  7.2 59 1004.5
1291487520  7.2 59 1004.4
1291487580  7.2 59 1004.4
1291487640  7.2 59 1004.5
1291487700  7.2 59 1004.4
1291487760  7.2 59 1004.4
1291487820  7.2 59 1004.4
1291487880  7.2 59 1004.4
1291487940  7.2 59 1004.4
1291488000  7.2 59 1004.4
1291488060  7.2 59 1004.4
1291488120  7.2 59 1004.5
1291488180  7.2 59 1004.5
1291488240  7.2 59 1004.4
1291488300  7.2 59 1004.4
1291488360  7.2 59 1004.4
1291488420  7.2 59 1004.4
1291488480  7.2 59 1004.3
1291488540  7.2 59 1004.3
1291488600  7.2 59 1004.3
1291488660  7.2 59 1004.3
1291488720  7.2 59 1004.3
1291488780  7.2 59 1004.3
1291488840  7.2 59 1004.3
1291488900  7.2 59 1004.3
1291488960  7.2 59 1004.3
1291489020  7.2 59 1004.3
1291489080  7.2 59 1004.3
1291489140  7.2 59 1004.3
1291489200  7.2 59 1004.3
1291489260  7.2 59 1004.3
1291489320  7.2 59 1004.3
1291489380  7.2 59 1004.3
1291489440  7.2 59 1004.3
1291489500  7.2 59 1004.3
1291489560  7.2 59 1004.3
1291489620  7.2 59 1004.3
1291489680  7.2 59 1004.3
1291489740  7.2 59 1004.3
1291489800  7.2 59 1004.2
1291489860  7.2 59 1004.2
1291489920  7.2 59 1004.2
1291489980  7.2 59 1004.2
1291490040  7.2 59 1004.3
1291490100  7.2 59 1004.2
1291490160  7.2 59 1004.2
1291490220  7.2 59 1004.2
1291490340  7.2 59 1004.2
1291490400  7.2 59 1004.3
1291490460  7.2 59 1004.3
1291490520  7.2 59 1004.2
1291490580  7.2 59 1004.3
1291490640  7.2 59 1004.3
1291490700  7.2 59 1004.3
1291490760  7.2 59 1004.3
1291490820  7.2 59 1004.3
1291490880  7.2 59 1004.2
1291491000  7.2 59 1004.2
1291491060  7.2 59 1004.1
1291491120  7.2 59 1004.1
1291491180  7.2 59 1004.2
1291491240  7.2 59 1004.2
1291491300  7.2 59 1004.2
1291491360  7.2 59 1004.2
1291491420  7.2 59 1004.2
1291491480  7.2 59 1004.2
1291491540  7.2 59 1004.2
1291491600  7.2 59 1004.2
1291491660  7.2 59 1004.2
1291491720  7.2 59 1004.1
1291491780  7.2 59 1004.2
1291491840  7.2 59 1004.2
1291491900  7.2 59 1004.2
1291491960  7.2 59 1004.2
1291492020  7.2 59 1004.2
1291492080  7.2 59 1004.2
1291492140  7.2 59 1004.2
1291492200  7.2 59 1004.2
1291492260  7.2 59 1004.2
1291492320  7.2 59 1004.2
1291492380  7.2 59 1004.2
1291492440  7.2 59 1004.2
1291492500  7.2 59 1004.2
1291492560  7.2 59 1004.2
1291492620  7.2 59 1004.2
1291492680  7.2 59 1004.2
1291492740  7.2 59 1004.2
1291492800  7.2 60 1004.2
1291492860  7.2 59 1004.1
1291492920  7.2 59 1004.2
1291492980  7.2 59 1004.2
1291493040  7.2 59 1004.2
1291493100  7.2 59 1004.2
1291493160  7.2 59 1004.2
1291493220  7.2 59 1004.2
1291493280  7.2 59 1004.2
1291493340  7.2 59 1004.2
1291493400  7.2 59 1004.2
1291493460  7.2 59 1004.1
1291493520  7.2 59 1004.2
1291493580  7.2 59 1004.2
1291493640  7.2 59 1004.3
1291493820  7.2 59 1004.3
1291493880  7.2 59 1004.3
1291493940  7.2 59 1004.3
1291494000  7.2 59 1004.3
1291494060  7.2 59 1004.3
1291494120  7.2 59 1004.3
1291494180  7.2 59 1004.3
1291494240  7.2 59 1004.2
1291494300  7.2 59 1004.3
1291494360  7.2 59 1004.3
1291494420  7.2 59 1004.3
1291494480  7.2 59 1004.3
1291494540  7.2 59 1004.3
1291494600  7.2 59 1004.3
1291494660  7.2 59 1004.3
1291494720  7.2 59 1004.3
1291494780  7.2 59 1004.3
1291494840  7.2 59 1004.3
1291494900  7.2 59 1004.3
1291494960  7.2 59 1004.3
1291495020  7.2 59 1004.3
1291495080  7.2 59 1004.3
1291495140  7.2 59 1004.3
1291495200  7.2 59 1004.3
1291495260  7.2 59 1004.3
1291495320  7.2 59 1004.4
1291495380  7.2 59 1004.3
1291495440  7.2 59 1004.3
1291495500  7.2 60 1004.3
1291495560  7.2 60 1004.3
1291495620  7.2 59 1004.3
1291495680  7.2 59 1004.3
1291495740  7.2 59 1004.3
1291495800  7.2 59 1004.3
1291495860  7.2 59 1004.3
1291495920  7.2 59 1004.3
1291495980  7.2 59 1004.3
1291496040  7.2 59 1004.3
1291496100  7.2 59 1004.3
1291496160  7.2 59 1004.4
1291496220  7.2 59 1004.4
1291496280  7.2 59 1004.4
1291496340  7.2 59 1004.3
1291496400  7.2 59 1004.3
1291496460  7.2 60 1004.3
1291496520  7.2 59 1004.3
1291496580  7.2 59 1004.3
1291496640  7.2 59 1004.3
1291496700  7.2 59 1004.3
1291496760  7.2 59 1004.3
1291496820  7.2 59 1004.3
1291496880  7.2 59 1004.3
1291496940  7.2 59 1004.3
1291497000  7.2 59 1004.3
1291497060  7.2 59 1004.3
1291497120  7.2 59 1004.3
1291497180  7.2 59 1004.3
1291497240  7.2 59 1004.3
1291497420  7.2 59 1004.4
1291497480  7.2 59 1004.4
1291497540  7.2 59 1004.4
1291497600  7.2 59 1004.5
1291497660  7.2 59 1004.4
1291497720  7.2 59 1004.5
1291497780  7.2 59 1004.5
1291497840  7.2 59 1004.5
1291497900  7.2 59 1004.5
1291497960  7.2 59 1004.4
1291498020  7.2 59 1004.5
1291498080  7.2 59 1004.5
1291498140  7.2 59 1004.5
1291498200  7.2 59 1004.4
1291498260  7.2 59 1004.4
1291498320  7.2 59 1004.5
1291498380  7.2 59 1004.4
1291498440  7.2 59 1004.4
1291498500  7.2 59 1004.4
1291498560  7.2 59 1004.4
1291498620  7.2 59 1004.4
1291498680  7.2 59 1004.4
1291498740  7.2 59 1004.4
1291498800  7.2 59 1004.4
1291498860  7.2 59 1004.4
1291498920  7.2 59 1004.4
1291498980  7.2 59 1004.4
1291499040  7.2 59 1004.4
1291499100  7.2 59 1004.5
1291499160  7.2 60 1004.4
1291499220  7.2 60 1004.4
1291499280  7.2 60 1004.4
1291499340  7.2 60 1004.4
1291499400  7.2 59 1004.5
1291499460  7.2 59 1004.5
1291499520  7.2 59 1004.4
1291499580  7.2 59 1004.6
1291499700  7.2 59 1004.5
1291499760  7.2 59 1004.4
1291499820  7.2 59 1004.6
1291499880  7.2 59 1004.6
1291499940  7.2 59 1004.6
1291500000  7.2 59 1004.5
1291500060  7.2 60 1004.5
1291500120  7.2 60 1004.5
1291500180  7.2 60 1004.4
1291500240  7.2 59 1004.5
1291500300  7.2 59 1004.5
1291500360  7.2 59 1004.4
1291500420  7.2 59 1004.4
1291500480  7.2 59 1004.4
1291500540  7.2 59 1004.4
1291500600  7.2 59 1004.4
1291500660  7.2 59 1004.4
1291500720  7.2 59 1004.4
1291500780  7.2 59 1004.4
1291500840  7.2 59 1004.5
1291500900  7.2 59 1004.5
1291500960  7.2 60 1004.6
1291501020  7.2 60 1004.6
1291501080  7.2 60 1004.6
1291501140  7.2 60 1004.6
1291501200  7.2 59 1004.7
1291501260  7.2 59 1004.7
1291501320  7.2 59 1004.7
1291501380  7.2 59 1004.7
1291501440  7.2 59 1004.7
1291501500  7.2 59 1004.7
1291501560  7.2 59 1004.7
1291501620  7.2 59 1004.7
1291501680  7.2 59 1004.7
1291501740  7.2 59 1004.7
1291501800  7.2 59 1004.7
1291501860  7.2 60 1004.7
1291501920  7.2 60 1004.6
1291501980  7.2 59 1004.7
1291502040  7.2 60 1004.7
1291502100  7.2 60 1004.6
1291502160  7.2 59 1004.7
1291502220  7.2 59 1004.8
1291502280  7.2 59 1004.8
1291502340  7.2 59 1004.8
1291502400  7.2 59 1004.8
1291502460  7.2 59 1004.7
1291502520  7.2 59 1004.8
1291502580  7.2 59 1004.7
1291502640  7.2 59 1004.8
1291502700  7.2 59 1004.8
1291502760  7.2 60 1004.7
1291502820  7.2 60 1004.8
1291502880  7.2 60 1004.8
1291502940  7.2 60 1004.8
1291503000  7.2 60 1004.8
1291503060  7.2 60 1004.8
1291503120  7.2 60 1004.8
1291503180  7.2 59 1004.8
1291503240  7.2 59 1004.8
1291503300  7.2 60 1004.8
1291503360  7.2 60 1004.8
1291503420  7.2 59 1004.8
1291503480  7.2 59 1004.9
1291503540  7.2 59 1004.9
1291503600  7.2 59 1004.9
1291503660  7.2 59 1004.9
1291503720  7.2 60 1004.9
1291503780  7.2 60 1004.9
1291503840  7.2 60 1004.9
1291503900  7.2 60 1005.0
1291503960  7.2 60 1005.0
1291504020  7.2 60 1005.0
1291504080  7.2 60 1005.0
1291504140  7.2 60 1005.0
1291504200  7.2 60 1005.0
1291504260  7.2 60 1005.0
1291504320  7.2 60 1005.0
1291504380  7.2 60 1004.9
1291504440  7.2 60 1005.0
1291504500  7.2 60 1005.0
1291504560  7.2 60 1004.9
1291504620  7.2 60 1005.0
1291504680  7.2 60 1004.9
1291504740  7.2 60 1005.1
1291504800  7.2 60 1005.1
1291504860  7.2 60 1005.1
1291504920  7.2 60 1005.1
1291504980  7.2 60 1005.0
1291505040  7.2 60 1005.0
1291505100  7.2 60 1005.1
1291505160  7.2 60 1005.1
1291505220  7.2 60 1005.0
1291505280  7.2 60 1004.9
1291505340  7.2 59 1005.0
1291505400  7.2 60 1005.0
1291505460  7.2 60 1005.0
1291505520  7.2 60 1004.9
1291505580  7.2 60 1005.0
1291505640  7.2 60 1004.9
1291505760  7.2 60 1004.9
1291505820  7.2 60 1004.9
1291505880  7.2 60 1004.9
1291505940  7.2 60 1005.0
1291506000  7.2 60 1005.0
1291506060  7.2 60 1005.0
1291506120  7.2 60 1005.0
1291506180  7.2 59 1004.9
1291506240  7.2 60 1004.9
1291506300  7.2 60 1004.9
1291506360  7.2 60 1005.0
1291506420  7.2 60 1005.1
1291506480  7.2 60 1005.0
1291506540  7.2 60 1005.1
1291506600  7.2 60 1005.1
1291506660  7.2 60 1005.1
1291506720  7.2 60 1005.0
1291506780  7.2 60 1005.0
1291506840  7.2 60 1005.0
1291506900  7.2 60 1004.9
1291506960  7.3 60 1005.0
1291507020  7.2 60 1004.9
1291507080  7.2 60 1005.1
1291507140  7.2 60 1005.0
