1291248000  7.6 55 1009.9
1291248060  7.6 55 1009.9
1291248120  7.5 55 1009.9
1291248180  7.5 55 1009.9
1291248240  7.5 55 1009.9
1291248300  7.5 55 1009.9
1291248360  7.5 55 1009.9
1291248420  7.5 55 1009.8
1291248540  7.5 55 1009.8
1291248600  7.5 55 1009.8
1291248660  7.5 55 1009.8
1291248720  7.5 55 1009.8
1291248780  7.5 55 1009.8
1291248840  7.5 55 1009.8
1291248900  7.6 55 1009.8
1291248960  7.5 55 1009.8
1291249020  7.6 55 1009.8
1291249080  7.5 55 1009.8
1291249140  7.5 55 1009.8
1291249200  7.5 55 1009.8
1291249260  7.6 55 1009.7
1291249320  7.5 55 1009.7
1291249380  7.6 55 1009.7
1291249440  7.6 55 1009.7
1291249500  7.5 55 1009.9
1291249560  7.5 55 1009.8
1291249620  7.6 55 1009.8
1291249680  7.5 55 1009.8
1291249740  7.5 55 1009.8
1291249800  7.6 55 1009.8
1291249860  7.5 55 1009.8
1291249920  7.6 55 1009.8
1291249980  7.6 55 1009.8
1291250040  7.6 55 1009.8
1291250100  7.5 55 1009.8
1291250160  7.6 55 1009.7
1291250220  7.6 55 1009.8
1291250280  7.6 55 1009.8
1291250340  7.6 55 1009.8
1291250400  7.6 55 1009.7
1291250460  7.6 55 1009.8
1291250520  7.6 55 1009.8
1291250580  7.6 55 1009.8
1291250640  7.6 55 1009.8
1291250700  7.6 55 1009.7
1291250760  7.6 55 1009.7
1291250820  7.5 55 1009.8
1291250880  7.6 55 1009.7
1291250940  7.6 55 1009.7
1291251000  7.6 55 1009.8
1291251060  7.6 55 1009.8
1291251120  7.6 55 1009.8
1291251180  7.6 55 1009.7
1291251240  7.6 55 1009.7
1291251300  7.6 55 1009.7
1291251360  7.6 55 1009.7
1291251420  7.6 55 1009.7
1291251480  7.6 55 1009.7
1291251540  7.5 55 1009.7
1291251600  7.6 55 1009.7
1291251660  7.5 55 1009.7
1291251720  7.5 55 1009.7
1291251780  7.6 55 1009.7
1291251840  7.6 55 1009.7
1291251900  7.5 55 1009.7
1291251960  7.5 55 1009.7
1291252020  7.5 55 1009.6
1291252080  7.6 55 1009.6
1291252140  7.5 55 1009.8
1291252200  7.5 55 1009.7
1291252260  7.6 55 1009.7
1291252320  7.6 55 1009.7
1291252380  7.5 55 1009.7
1291252440  7.5 55 1009.7
1291252500  7.5 55 1009.7
1291252560  7.6 55 1009.7
1291252620  7.5 55 1009.6
1291252680  7.5 55 1009.6
1291252740  7.5 55 1009.6
1291252800  7.5 55 1009.6
1291252860  7.5 55 1009.6
1291252920  7.5 55 1009.6
1291252980  7.6 55 1009.6
1291253040  7.6 55 1009.6
1291253100  7.6 55 1009.6
1291253160  7.5 55 1009.7
1291253220  7.5 55 1009.6
1291253280  7.5 55 1009.7
1291253340  7.5 55 1009.7
1291253400  7.6 55 1009.7
1291253460  7.5 55 1009.7
1291253520  7.5 55 1009.7
1291253580  7.5 55 1009.6
1291253640  7.5 55 1009.7
1291253700  7.6 55 1009.7
1291253760  7.6 55 1009.7
1291253820  7.6 55 1009.7
1291253880  7.5 55 1009.6
1291253940  7.5 55 1009.7
1291254000  7.5 55 1009.6
1291254060  7.5 55 1009.6
1291254120  7.5 55 1009.7
1291254180  7.5 55 1009.6
1291254240  7.5 55 1009.6
1291254300  7.5 55 1009.6
1291254360  7.5 55 1009.6
1291254420  7.5 55 1009.6
1291254480  7.5 55 1009.7
1291254540  7.5 55 1009.7
1291254600  7.5 55 1009.6
1291254660  7.5 55 1009.7
1291254780  7.5 55 1009.6
1291254840  7.5 55 1009.6
1291254900  7.5 55 1009.5
1291254960  7.5 55 1009.5
1291255020  7.5 55 1009.5
1291255080  7.5 55 1009.6
1291255140  7.5 55 1009.6
1291255200  7.5 55 1009.6
1291255260  7.5 55 1009.6
1291255320  7.5 55 1009.6
1291255380  7.5 55 1009.6
1291255440  7.5 55 1009.6
1291255500  7.5 55 1009.6
1291255560  7.5 55 1009.6
1291255620  7.5 55 1009.6
1291255680  7.5 55 1009.6
1291255740  7.5 55 1009.6
1291255800  7.5 55 1009.6
1291255860  7.5 55 1009.6
1291255920  7.5 55 1009.6
1291255980  7.5 55 1009.7
1291256040  7.5 55 1009.6
1291256100  7.5 55 1009.6
1291256160  7.5 55 1009.6
1291256220  7.5 55 1009.6
1291256280  7.5 55 1009.7
1291256340  7.5 55 1009.7
1291256400  7.5 55 1009.7
1291256460  7.5 55 1009.7
1291256520  7.5 55 1009.6
1291256580  7.5 55 1009.7
1291256640  7.5 55 1009.7
1291256700  7.5 55 1009.6
1291256760  7.5 55 1009.6
1291256820  7.5 55 1009.6
1291256880  7.5 55 1009.6
1291256940  7.5 55 1009.5
1291257000  7.5 55 1009.7
1291257060  7.5 55 1009.6
1291257180  7.5 55 1009.6
1291257240  7.5 55 1009.6
1291257300  7.5 55 1009.7
1291257360  7.5 55 1009.7
1291257420  7.5 55 1009.7
1291257480  7.5 55 1009.6
1291257540  7.5 55 1009.7
1291257600  7.5 55 1009.6
1291257660  7.5 55 1009.7
1291257720  7.5 55 1009.7
1291257780  7.5 55 1009.6
1291257840  7.5 55 1009.5
1291257900  7.5 55 1009.5
1291257960  7.5 55 1009.5
1291258020  7.5 55 1009.5
1291258080  7.5 55 1009.6
1291258140  7.5 55 1009.6
1291258200  7.5 55 1009.5
1291258260  7.5 55 1009.5
1291258320  7.5 55 1009.6
1291258380  7.5 55 1009.6
1291258440  7.5 55 1009.6
1291258500  7.5 55 1009.6
1291258560  7.5 55 1009.6
1291258620  7.5 55 1009.6
1291258680  7.5 55 1009.6
1291258740  7.5 55 1009.5
1291258800  7.5 55 1009.5
1291258860  7.5 55 1009.5
1291258920  7.5 55 1009.5
1291258980  7.5 55 1009.5
1291259040  7.5 55 1009.5
1291259100  7.5 55 1009.5
1291259160  7.5 55 1009.5
1291259220  7.5 55 1009.5
1291259280  7.5 55 1009.5
1291259340  7.5 55 1009.6
1291259400  7.5 55 1009.6
1291259460  7.5 55 1009.5
1291259520  7.5 55 1009.5
1291259580  7.5 55 1009.5
1291259640  7.5 55 1009.5
1291259700  7.5 55 1009.6
1291259760  7.5 55 1009.5
1291259820  7.5 55 1009.5
1291259880  7.5 55 1009.5
1291259940  7.5 55 1009.6
1291260000  7.5 55 1009.5
1291260060  7.5 55 1009.5
1291260120  7.5 55 1009.5
1291260180  7.5 55 1009.5
1291260240  7.5 55 1009.5
1291260300  7.5 55 1009.6
1291260360  7.5 55 1009.6
1291260420  7.5 55 1009.6
1291260480  7.5 55 1009.5
1291260540  7.5 55 1009.6
1291260600  7.5 55 1009.6
1291260660  7.5 55 1009.5
1291260720  7.5 55 1009.6
1291260780  7.5 55 1009.6
1291260840  7.5 55 1009.6
1291260900  7.5 55 1009.6
1291260960  7.5 55 1009.6
1291261020  7.5 55 1009.6
1291261080  7.5 55 1009.6
1291261140  7.5 55 1009.6
1291261200  7.5 55 1009.6
1291261260  7.5 55 1009.5
1291261320  7.5 55 1009.7
1291261380  7.5 55 1009.6
1291261440  7.5 55 1009.7
1291261500  7.5 55 1009.6
1291261560  7.5 55 1009.6
1291261620  7.5 55 1009.6
1291261680  7.5 55 1009.7
1291261740  7.5 55 1009.7
1291261800  7.5 55 1009.7
1291261860  7.5 55 1009.7
1291261920  7.5 55 1009.7
1291261980  7.5 55 1009.8
1291262040  7.5 55 1009.6
1291262100  7.5 55 1009.7
1291262160  7.5 55 1009.7
1291262220  7.5 55 1009.7
1291262280  7.5 55 1009.7
1291262340  7.5 55 1009.7
1291262400  7.5 55 1009.7
1291262460  7.5 55 1009.6
1291262580  7.5 55 1009.6
1291262640  7.5 55 1009.6
1291262700  7.5 55 1009.5
1291262760  7.5 55 1009.5
1291262820  7.5 55 1009.5
1291262880  7.5 55 1009.6
1291262940  7.5 55 1009.6
1291263000  7.5 55 1009.6
1291263060  7.5 55 1009.5
1291263120  7.5 55 1009.5
1291263180  7.5 55 1009.5
1291263240  7.5 55 1009.6
1291263300  7.5 55 1009.5
1291263360  7.5 55 1009.6
1291263420  7.5 55 1009.4
1291263480  7.5 55 1009.4
1291263540  7.5 55 1009.4
1291263600  7.5 55 1009.6
1291263660  7.5 55 1009.6
1291263720  7.5 55 1009.5
1291263780  7.5 55 1009.4
1291263840  7.5 55 1009.5
1291263900  7.5 55 1009.5
1291263960  7.5 55 1009.5
1291264020  7.5 55 1009.5
1291264080  7.5 55 1009.5
1291264140  7.5 55 1009.5
1291264200  7.5 55 1009.5
1291264260  7.5 55 1009.5
1291264320  7.5 55 1009.5
1291264380  7.5 55 1009.5
1291264440  7.5 55 1009.5
1291264500  7.5 55 1009.5
1291264560  7.5 55 1009.4
1291264620  7.5 55 1009.4
1291264680  7.5 55 1009.5
1291264740  7.5 55 1009.5
1291264800  7.4 55 1009.5
1291264860  7.5 55 1009.4
1291264920  7.5 55 1009.5
1291264980  7.5 55 1009.4
1291265040  7.5 55 1009.4
1291265100  7.4 55 1009.5
1291265160  7.5 55 1009.4
1291265220  7.5 55 1009.4
1291265280  7.4 55 1009.4
1291265340  7.4 55 1009.4
1291265400  7.4 55 1009.4
1291265460  7.4 55 1009.4
1291265520  7.5 55 1009.4
1291265580  7.5 55 1009.4
1291265640  7.4 55 1009.4
1291265700  7.4 55 1009.4
1291265760  7.4 55 1009.4
1291265820  7.5 55 1009.3
1291265880  7.4 55 1009.4
1291265940  7.4 55 1009.4
1291266000  7.4 55 1009.4
1291266060  7.4 55 1009.3
1291266120  7.4 55 1009.3
1291266180  7.4 55 1009.3
1291266240  7.4 55 1009.3
1291266300  7.4 55 1009.4
1291266360  7.4 55 1009.4
1291266420  7.4 55 1009.4
1291266480  7.4 55 1009.4
1291266540  7.4 55 1009.4
1291266600  7.4 55 1009.4
1291266660  7.4 55 1009.3
1291266720  7.4 55 1009.3
1291266780  7.4 55 1009.3
1291266840  7.4 55 1009.3
1291266900  7.4 55 1009.2
1291266960  7.4 55 1009.3
1291267020  7.4 55 1009.3
1291267080  7.4 55 1009.3
1291267140  7.4 55 1009.3
1291267200  7.4 55 1009.3
1291267260  7.4 55 1009.2
1291267320  7.4 55 1009.3
1291267380  7.4 55 1009.3
1291267440  7.4 55 1009.3
1291267500  7.4 55 1009.3
1291267560  7.4 55 1009.4
1291267620  7.4 55 1009.4
1291267680  7.4 55 1009.3
1291267740  7.4 55 1009.3
1291267800  7.4 55 1009.3
1291267860  7.4 55 1009.4
1291267920  7.4 55 1009.4
1291267980  7.4 55 1009.5
1291268040  7.4 55 1009.4
1291268100  7.4 55 1009.4
1291268160  7.4 55 1009.5
1291268220  7.4 55 1009.4
1291268280  7.4 55 1009.4
1291268340  7.4 55 1009.4
1291268400  7.4 55 1009.4
1291268460  7.4 55 1009.5
1291268520  7.4 55 1009.5
1291268580  7.4 55 1009.5
1291268640  7.4 55 1009.4
1291268700  7.4 55 1009.5
1291268760  7.4 55 1009.5
1291268820  7.4 55 1009.5
1291268880  7.4 55 1009.5
1291268940  7.4 55 1009.5
1291269000  7.4 55 1009.4
1291269060  7.4 55 1009.5
1291269120  7.4 55 1009.5
1291269180  7.4 55 1009.5
1291269240  7.4 55 1009.5
1291269300  7.4 55 1009.6
1291269360  7.4 55 1009.5
1291269420  7.4 55 1009.5
1291269480  7.4 55 1009.6
1291269540  7.4 55 1009.6
1291269600  7.4 55 1009.6
1291269660  7.4 55 1009.6
1291269720  7.4 55 1009.6
1291269780  7.4 55 1009.5
1291269840  7.4 55 1009.6
1291269900  7.4 55 1009.5
1291269960  7.4 55 1009.6
1291270020  7.4 55 1009.6
1291270080  7.4 55 1009.6
1291270140  7.4 55 1009.6
1291270200  7.4 55 1009.6
1291270260  7.4 55 1009.7
1291270320  7.4 55 1009.6
1291270380  7.4 55 1009.6
1291270440  7.4 55 1009.6
1291270500  7.4 55 1009.6
1291270560  7.4 55 1009.7
1291270620  7.4 55 1009.7
1291270680  7.4 55 1009.7
1291270740  7.4 55 1009.7
1291270800  7.4 55 1009.7
1291270860  7.4 55 1009.7
1291270920  7.4 55 1009.7
1291270980  7.4 55 1009.7
1291271040  7.4 55 1009.7
1291271100  7.4 55 1009.6
1291271160  7.4 55 1009.8
1291271220  7.4 55 1009.7
1291271280  7.4 55 1009.7
1291271340  7.4 55 1009.7
1291271400  7.4 55 1009.7
1291271460  7.4 55 1009.7
1291271520  7.4 55 1009.7
1291271580  7.4 55 1009.7
1291271640  7.4 55 1009.7
1291271760  7.4 55 1009.8
1291271820  7.4 55 1009.8
1291271880  7.4 55 1009.8
1291271940  7.4 55 1009.8
1291272000  7.4 55 1009.8
1291272060  7.4 55 1009.7
1291272120  7.4 55 1009.7
1291272180  7.4 55 1009.8
1291272240  7.4 55 1009.7
1291272300  7.4 55 1009.7
1291272360  7.4 55 1009.7
1291272420  7.4 55 1009.7
1291272480  7.4 55 1009.7
1291272540  7.4 55 1009.7
1291272600  7.4 55 1009.7
1291272660  7.4 55 1009.8
1291272720  7.4 55 1009.9
1291272780  7.4 55 1009.9
1291272840  7.4 55 1010.0
1291272900  7.4 55 1010.0
1291272960  7.4 55 1010.0
1291273020  7.4 55 1010.0
1291273080  7.4 55 1010.0
1291273140  7.4 55 1009.9
1291273200  7.4 55 1009.9
1291273260  7.4 55 1009.9
1291273320  7.4 55 1009.9
1291273380  7.4 55 1010.0
1291273440  7.4 55 1010.0
1291273500  7.4 55 1010.0
1291273560  7.4 55 1010.0
1291273620  7.4 55 1010.0
1291273680  7.4 55 1010.0
1291273740  7.4 55 1010.0
1291273800  7.4 55 1010.0
1291273860  7.4 55 1010.0
1291273920  7.4 55 1010.0
1291273980  7.4 55 1010.1
1291274040  7.4 55 1010.0
1291274100  7.4 55 1010.0
1291274160  7.4 55 1010.1
1291274220  7.4 55 1010.0
1291274280  7.4 55 1010.0
1291274340  7.4 55 1010.1
1291274400  7.4 55 1010.2
1291274460  7.4 55 1010.2
1291274520  7.4 55 1010.2
1291274580  7.4 55 1010.1
1291274640  7.4 55 1010.1
1291274700  7.4 55 1010.1
1291274760  7.4 55 1010.1
1291274820  7.4 55 1010.2
1291274880  7.4 55 1010.2
1291274940  7.4 55 1010.1
1291275000  7.4 55 1010.1
1291275060  7.4 55 1010.1
1291275120  7.4 55 1010.1
1291275180  7.4 55 1010.2
1291275240  7.4 55 1010.2
1291275300  7.4 55 1010.2
1291275360  7.4 55 1010.1
1291275420  7.4 55 1010.2
1291275480  7.4 55 1010.2
1291275540  7.4 55 1010.3
1291275600  7.4 55 1010.2
1291275660  7.4 55 1010.2
1291275720  7.4 55 1010.2
1291275780  7.4 55 1010.2
1291275840  7.4 55 1010.2
1291275900  7.4 55 1010.3
1291275960  7.4 56 1010.2
1291276020  7.4 55 1010.3
1291276080  7.4 55 1010.3
1291276140  7.4 55 1010.3
1291276200  7.4 55 1010.3
1291276260  7.4 55 1010.3
1291276320  7.4 55 1010.3
1291276380  7.4 55 1010.3
1291276440  7.4 55 1010.3
1291276500  7.4 55 1010.3
1291276560  7.4 55 1010.3
1291276620  7.4 55 1010.3
1291276680  7.4 55 1010.2
1291276740  7.4 55 1010.3
1291276800  7.4 55 1010.3
1291276860  7.4 55 1010.3
1291276920  7.4 55 1010.3
1291276980  7.4 55 1010.3
1291277040  7.4 55 1010.3
1291277100  7.4 55 1010.3
1291277160  7.4 55 1010.3
1291277220  7.4 55 1010.4
1291277280  7.4 55 1010.3
1291277340  7.4 55 1010.4
1291277400  7.4 55 1010.3
1291277460  7.4 55 1010.3
1291277520  7.4 55 1010.3
1291277580  7.4 55 1010.3
1291277640  7.4 55 1010.5
1291277700  7.4 55 1010.4
1291277760  7.4 55 1010.5
1291277820  7.4 55 1010.4
1291277880  7.4 55 1010.4
1291277940  7.4 55 1010.4
1291278000  7.4 55 1010.4
1291278060  7.4 55 1010.4
1291278120  7.4 55 1010.4
1291278180  7.4 55 1010.5
1291278240  7.4 55 1010.5
1291278300  7.4 55 1010.5
1291278360  7.4 55 1010.6
1291278420  7.4 55 1010.5
1291278480  7.4 55 1010.7
1291278540  7.4 55 1010.5
1291278600  7.4 55 1010.6
1291278660  7.4 55 1010.6
1291278720  7.4 55 1010.6
1291278780  7.4 55 1010.6
1291278840  7.4 55 1010.6
1291278900  7.4 55 1010.6
1291279020  7.4 55 1010.6
1291279080  7.4 55 1010.7
1291279140  7.4 55 1010.6
1291279200  7.4 55 1010.7
1291279260  7.4 55 1010.6
1291279320  7.4 55 1010.6
1291279380  7.4 55 1010.7
1291279440  7.4 55 1010.7
1291279500  7.4 55 1010.7
1291279560  7.4 55 1010.7
1291279620  7.4 55 1010.7
1291279680  7.4 55 1010.7
1291279740  7.4 55 1010.8
1291279800  7.4 55 1010.7
1291279860  7.4 55 1010.7
1291279920  7.4 55 1010.7
1291279980  7.4 55 1010.7
1291280040  7.4 55 1010.8
1291280100  7.4 55 1010.7
1291280160  7.4 55 1010.8
1291280220  7.4 55 1010.8
1291280280  7.4 55 1010.9
1291280340  7.4 55 1010.8
1291280400  7.4 55 1010.9
1291280460  7.4 55 1010.9
1291280520  7.4 55 1010.9
1291280580  7.3 55 1010.9
1291280640  7.3 55 1010.9
1291280700  7.3 55 1011.0
1291280760  7.3 55 1011.0
1291280820  7.3 55 1011.0
1291280880  7.3 55 1011.0
1291280940  7.4 55 1011.0
1291281000  7.3 55 1011.0
1291281060  7.3 55 1011.0
1291281120  7.3 55 1011.0
1291281180  7.3 55 1011.0
1291281240  7.3 55 1011.0
1291281300  7.4 55 1011.0
1291281360  7.4 55 1011.0
1291281420  7.4 55 1011.0
1291281480  7.4 55 1011.1
1291281540  7.4 55 1011.1
1291281660  7.4 55 1011.1
1291281720  7.4 55 1011.1
1291281780  7.4 55 1011.1
1291281840  7.4 55 1011.1
1291281900  7.4 55 1011.1
1291281960  7.4 55 1011.1
1291282020  7.4 55 1011.1
1291282080  7.4 55 1011.1
1291282140  7.4 55 1011.1
1291282200  7.4 55 1011.1
1291282260  7.4 55 1011.1
1291282320  7.4 55 1011.1
1291282380  7.4 55 1011.1
1291282440  7.4 55 1011.1
1291282500  7.3 55 1011.1
1291282560  7.4 55 1011.1
1291282620  7.4 55 1011.1
1291282680  7.4 55 1011.1
1291282740  7.4 55 1011.1
1291282800  7.4 55 1011.2
1291282860  7.4 55 1011.2
1291282920  7.4 55 1011.2
1291282980  7.4 55 1011.2
1291283040  7.4 55 1011.2
1291283100  7.4 55 1011.2
1291283160  7.4 55 1011.3
1291283220  7.3 55 1011.2
1291283280  7.4 55 1011.2
1291283340  7.3 55 1011.2
1291283400  7.4 55 1011.2
1291283460  7.4 55 1011.3
1291283520  7.3 55 1011.3
1291283580  7.4 55 1011.3
1291283640  7.4 55 1011.3
1291283700  7.4 55 1011.3
1291283760  7.4 55 1011.3
1291283820  7.4 55 1011.3
1291283880  7.4 55 1011.4
1291283940  7.4 55 1011.4
1291284000  7.4 55 1011.3
1291284060  7.4 55 1011.3
1291284120  7.4 55 1011.3
1291284180  7.4 55 1011.4
1291284240  7.4 55 1011.4
1291284300  7.4 55 1011.4
1291284360  7.4 55 1011.3
1291284420  7.4 55 1011.3
1291284480  7.4 55 1011.3
1291284540  7.4 55 1011.3
1291284600  7.4 55 1011.3
1291284660  7.4 55 1011.3
1291284720  7.4 55 1011.3
1291284780  7.4 55 1011.3
1291284840  7.4 55 1011.3
1291284900  7.4 55 1011.3
1291284960  7.4 55 1011.4
1291285020  7.4 55 1011.3
1291285080  7.4 55 1011.4
1291285140  7.4 55 1011.3
1291285200  7.4 55 1011.4
1291285260  7.4 55 1011.4
1291285320  7.4 55 1011.4
1291285380  7.4 55 1011.4
1291285440  7.4 55 1011.4
1291285500  7.4 55 1011.4
1291285560  7.4 55 1011.5
1291285620  7.4 55 1011.4
1291285680  7.4 55 1011.5
1291285740  7.4 55 1011.5
1291285800  7.4 55 1011.4
1291285860  7.4 55 1011.4
1291285920  7.4 55 1011.4
1291285980  7.4 55 1011.5
1291286040  7.4 55 1011.5
1291286100  7.4 55 1011.5
1291286160  7.4 55 1011.5
1291286220  7.4 55 1011.4
1291286280  7.4 55 1011.3
1291286340  7.4 55 1011.3
1291286400  7.4 55 1011.4
1291286460  7.4 55 1011.3
1291286520  7.4 55 1011.3
1291286580  7.4 55 1011.3
1291286640  7.4 55 1011.3
1291286700  7.4 55 1011.3
1291286760  7.4 55 1011.3
1291286820  7.4 55 1011.3
1291286880  7.4 55 1011.3
1291286940  7.4 55 1011.3
1291287000  7.4 55 1011.3
1291287060  7.4 55 1011.3
1291287120  7.4 55 1011.4
1291287180  7.4 55 1011.4
1291287240  7.4 55 1011.4
1291287300  7.4 55 1011.4
1291287360  7.4 55 1011.4
1291287420  7.4 55 1011.3
1291287480  7.4 55 1011.3
1291287540  7.4 55 1011.3
1291287600  7.4 55 1011.3
1291287660  7.4 55 1011.3
1291287720  7.4 55 1011.3
1291287780  7.4 55 1011.4
1291287840  7.4 55 1011.4
1291287900  7.4 55 1011.4
1291287960  7.4 55 1011.3
1291288020  7.4 55 1011.3
1291288080  7.4 55 1011.2
1291288140  7.4 55 1011.3
1291288200  7.4 55 1011.3
1291288260  7.4 55 1011.3
1291288320  7.4 55 1011.3
1291288380  7.4 55 1011.3
1291288440  7.4 55 1011.3
1291288500  7.4 55 1011.3
1291288560  7.4 55 1011.4
1291288620  7.4 55 1011.3
1291288680  7.4 55 1011.3
1291288740  7.4 55 1011.3
1291288800  7.4 55 1011.3
1291288920  7.4 55 1011.2
1291288980  7.4 55 1011.3
1291289040  7.4 55 1011.3
1291289100  7.4 55 1011.3
1291289160  7.4 55 1011.3
1291289220  7.4 55 1011.3
1291289280  7.4 55 1011.3
1291289340  7.4 55 1011.3
1291289400  7.4 55 1011.3
1291289460  7.4 55 1011.3
1291289520  7.4 55 1011.3
1291289580  7.4 55 1011.2
1291289640  7.4 55 1011.2
1291289700  7.4 55 1011.2
1291289760  7.4 55 1011.3
1291289820  7.4 55 1011.3
1291289880  7.4 55 1011.3
1291289940  7.4 55 1011.3
1291290000  7.4 55 1011.3
1291290060  7.4 55 1011.3
1291290120  7.4 55 1011.3
1291290180  7.4 55 1011.3
1291290240  7.4 55 1011.3
1291290300  7.4 55 1011.3
1291290360  7.4 55 1011.3
1291290420  7.4 55 1011.3
1291290480  7.4 55 1011.3
1291290540  7.4 55 1011.4
1291290600  7.4 55 1011.3
1291290660  7.4 55 1011.3
1291290720  7.4 55 1011.3
1291290780  7.4 55 1011.3
1291290840  7.4 55 1011.3
1291290900  7.4 55 1011.3
1291290960  7.4 55 1011.3
1291291020  7.4 55 1011.3
1291291080  7.4 55 1011.3
1291291140  7.4 55 1011.3
1291291200  7.4 55 1011.3
1291291260  7.4 55 1011.3
1291291320  7.4 55 1011.3
1291291380  7.4 55 1011.3
1291291440  7.4 55 1011.3
1291291500  7.4 55 1011.3
1291291560  7.4 55 1011.3
1291291620  7.4 55 1011.3
1291291680  7.4 55 1011.2
1291291740  7.4 55 1011.3
1291291800  7.4 55 1011.3
1291291860  7.4 55 1011.3
1291291920  7.4 55 1011.3
1291291980  7.4 55 1011.3
1291292040  7.4 55 1011.3
1291292100  7.4 55 1011.3
1291292160  7.4 55 1011.3
1291292220  7.4 55 1011.4
1291292280  7.4 55 1011.3
1291292340  7.4 55 1011.3
1291292400  7.4 55 1011.4
1291292460  7.4 55 1011.3
1291292520  7.4 55 1011.4
1291292580  7.4 55 1011.4
1291292640  7.4 55 1011.4
1291292700  7.4 55 1011.4
1291292760  7.4 55 1011.4
1291292820  7.4 55 1011.4
1291292880  7.5 55 1011.4
1291292940  7.5 55 1011.4
1291293000  7.5 55 1011.4
1291293060  7.5 55 1011.4
1291293120  7.5 55 1011.4
1291293180  7.5 55 1011.3
1291293240  7.5 55 1011.3
1291293300  7.5 55 1011.4
1291293360  7.5 55 1011.4
1291293420  7.5 55 1011.4
1291293480  7.5 55 1011.4
1291293540  7.5 55 1011.4
1291293600  7.5 55 1011.4
1291293660  7.5 55 1011.4
1291293720  7.5 55 1011.4
1291293780  7.5 55 1011.4
1291293840  7.5 55 1011.4
1291293900  7.5 55 1011.4
1291293960  7.5 55 1011.4
1291294020  7.5 55 1011.4
1291294080  7.4 55 1011.4
1291294140  7.4 55 1011.4
1291294200  7.4 55 1011.4
1291294260  7.5 55 1011.4
1291294320  7.4 55 1011.4
1291294380  7.5 55 1011.4
1291294440  7.5 55 1011.5
1291294500  7.5 55 1011.4
1291294560  7.5 55 1011.4
1291294620  7.5 55 1011.4
1291294680  7.5 55 1011.4
1291294740  7.5 55 1011.4
1291294800  7.4 55 1011.4
1291294860  7.5 55 1011.4
1291294980  7.4 55 1011.3
1291295040  7.4 55 1011.3
1291295100  7.4 55 1011.4
1291295160  7.4 55 1011.4
1291295220  7.4 55 1011.4
1291295280  7.5 55 1011.4
1291295340  7.4 55 1011.3
1291295400  7.4 55 1011.4
1291295460  7.4 55 1011.4
1291295520  7.5 55 1011.4
1291295580  7.5 55 1011.5
1291295640  7.5 55 1011.4
1291295700  7.5 55 1011.4
1291295760  7.5 55 1011.4
1291295820  7.5 55 1011.4
1291295880  7.5 55 1011.4
1291295940  7.5 55 1011.4
1291296000  7.4 55 1011.4
1291296060  7.5 55 1011.4
1291296120  7.5 55 1011.4
1291296180  7.5 55 1011.3
1291296240  7.5 55 1011.3
1291296300  7.5 55 1011.2
1291296360  7.5 55 1011.2
1291296420  7.5 55 1011.2
1291296480  7.5 55 1011.3
1291296540  7.5 55 1011.2
1291296600  7.5 55 1011.3
1291296660  7.5 55 1011.2
1291296720  7.5 55 1011.3
1291296780  7.5 55 1011.3
1291296840  7.5 55 1011.3
1291296900  7.4 55 1011.3
1291296960  7.5 55 1011.3
1291297020  7.5 55 1011.3
1291297080  7.5 55 1011.3
1291297140  7.5 55 1011.3
1291297200  7.5 55 1011.3
1291297260  7.5 55 1011.3
1291297320  7.5 55 1011.2
1291297380  7.5 55 1011.3
1291297440  7.5 55 1011.3
1291297500  7.5 55 1011.3
1291297560  7.5 55 1011.3
1291297620  7.5 55 1011.3
1291297680  7.5 55 1011.3
1291297740  7.5 55 1011.3
1291297800  7.5 55 1011.2
1291297860  7.5 55 1011.3
1291297920  7.5 55 1011.3
1291297980  7.5 55 1011.2
1291298040  7.5 55 1011.3
1291298100  7.5 55 1011.3
1291298160  7.5 55 1011.3
1291298220  7.5 55 1011.3
1291298280  7.5 55 1011.2
1291298340  7.5 55 1011.3
1291298400  7.5 55 1011.3
1291298460  7.5 55 1011.3
1291298520  7.5 55 1011.3
1291298580  7.5 55 1011.3
1291298640  7.5 55 1011.3
1291298700  7.5 55 1011.2
1291298760  7.5 55 1011.3
1291298820  7.5 55 1011.3
1291298880  7.5 55 1011.2
1291298940  7.5 55 1011.2
1291299000  7.5 55 1011.3
1291299060  7.5 55 1011.2
1291299120  7.5 55 1011.3
1291299180  7.5 55 1011.2
1291299240  7.5 55 1011.2
1291299300  7.5 55 1011.2
1291299360  7.5 55 1011.2
1291299420  7.5 55 1011.2
1291299480  7.5 55 1011.3
1291299540  7.5 55 1011.3
1291299600  7.5 55 1011.3
1291299660  7.5 55 1011.3
1291299720  7.5 55 1011.2
1291299780  7.5 55 1011.3
1291299840  7.5 55 1011.2
1291299900  7.5 55 1011.3
1291299960  7.5 55 1011.3
1291300020  7.5 55 1011.3
1291300080  7.5 55 1011.3
1291300140  7.5 55 1011.3
1291300200  7.5 55 1011.3
1291300320  7.5 55 1011.3
1291300380  7.5 55 1011.2
1291300440  7.5 55 1011.3
1291300500  7.5 55 1011.2
1291300560  7.5 55 1011.2
1291300620  7.5 55 1011.2
1291300680  7.5 55 1011.2
1291300740  7.5 55 1011.2
1291300800  7.5 55 1011.3
1291300860  7.5 55 1011.3
1291300920  7.5 55 1011.3
1291300980  7.5 55 1011.3
1291301040  7.5 55 1011.2
1291301100  7.5 55 1011.3
1291301160  7.5 55 1011.3
1291301220  7.5 55 1011.3
1291301280  7.5 55 1011.4
1291301340  7.5 55 1011.2
1291301400  7.5 55 1011.2
1291301460  7.5 55 1011.2
1291301520  7.5 55 1011.2
1291301580  7.5 55 1011.2
1291301640  7.5 55 1011.2
1291301700  7.5 55 1011.2
1291301760  7.5 55 1011.2
1291301820  7.5 55 1011.2
1291301880  7.5 55 1011.3
1291301940  7.5 55 1011.2
1291302000  7.5 55 1011.2
1291302060  7.5 55 1011.3
1291302120  7.5 55 1011.3
1291302180  7.5 55 1011.3
1291302240  7.5 55 1011.3
1291302300  7.5 55 1011.3
1291302360  7.5 55 1011.3
1291302420  7.5 55 1011.2
1291302480  7.5 55 1011.2
1291302540  7.5 55 1011.2
1291302600  7.5 55 1011.3
1291302660  7.5 55 1011.3
1291302720  7.5 55 1011.3
1291302780  7.5 55 1011.3
1291302840  7.5 55 1011.3
1291302900  7.5 55 1011.2
1291302960  7.5 55 1011.2
1291303020  7.5 55 1011.3
1291303080  7.5 55 1011.3
1291303140  7.5 55 1011.3
1291303200  7.5 55 1011.3
1291303260  7.5 55 1011.2
1291303320  7.5 55 1011.2
1291303380  7.5 55 1011.4
1291303440  7.5 55 1011.3
1291303500  7.5 55 1011.4
1291303560  7.5 55 1011.3
1291303620  7.5 55 1011.3
1291303680  7.5 55 1011.3
1291303740  7.5 55 1011.3
1291303800  7.5 55 1011.3
1291303860  7.5 55 1011.3
1291303920  7.5 55 1011.3
1291303980  7.5 55 1011.3
1291304040  7.5 55 1011.4
1291304100  7.5 55 1011.3
1291304160  7.5 55 1011.3
1291304220  7.5 55 1011.4
1291304280  7.5 55 1011.4
1291304340  7.5 55 1011.4
1291304400  7.5 55 1011.4
1291304460  7.5 55 1011.4
1291304520  7.5 55 1011.4
1291304580  7.5 55 1011.4
1291304640  7.5 55 1011.4
1291304700  7.5 55 1011.4
1291304760  7.5 55 1011.4
1291304820  7.5 55 1011.4
1291304880  7.5 55 1011.5
1291304940  7.5 55 1011.5
1291305000  7.5 55 1011.5
1291305060  7.5 55 1011.4
1291305120  7.5 55 1011.5
1291305180  7.5 55 1011.4
1291305240  7.5 55 1011.4
1291305300  7.5 55 1011.4
1291305360  7.5 55 1011.4
1291305420  7.5 55 1011.4
1291305480  7.5 55 1011.4
1291305540  7.5 55 1011.4
1291305600  7.5 55 1011.4
1291305660  7.5 55 1011.5
1291305720  7.5 55 1011.4
1291305780  7.4 55 1011.5
1291305840  7.4 55 1011.5
1291305900  7.5 55 1011.5
1291305960  7.4 55 1011.5
1291306020  7.4 55 1011.5
1291306080  7.4 55 1011.6
1291306140  7.4 55 1011.6
1291306200  7.4 55 1011.6
1291306260  7.4 55 1011.6
1291306320  7.4 55 1011.6
1291306380  7.4 55 1011.6
1291306440  7.5 55 1011.6
1291306500  7.5 55 1011.7
1291306560  7.5 55 1011.6
1291306620  7.5 55 1011.6
1291306680  7.4 55 1011.8
1291306740  7.4 55 1011.8
1291306800  7.4 55 1011.8
1291306860  7.4 55 1011.7
1291306920  7.5 55 1011.6
1291306980  7.5 55 1011.7
1291307040  7.5 55 1011.6
1291307100  7.4 55 1011.6
1291307160  7.5 55 1011.6
1291307220  7.5 55 1011.7
1291307280  7.5 55 1011.7
1291307340  7.5 55 1011.7
1291307400  7.5 55 1011.7
1291307460  7.5 55 1011.6
1291307520  7.4 55 1011.7
1291307580  7.4 55 1011.7
1291307640  7.4 55 1011.7
1291307700  7.4 55 1011.8
1291307760  7.4 55 1011.8
1291307820  7.4 55 1011.8
1291307880  7.4 55 1011.8
1291307940  7.4 55 1011.8
1291308000  7.4 55 1011.7
1291308060  7.4 55 1011.7
1291308120  7.4 55 1011.8
1291308180  7.4 55 1011.7
1291308240  7.5 55 1011.7
1291308300  7.4 55 1011.7
1291308360  7.4 55 1011.7
1291308420  7.4 55 1011.8
1291308480  7.4 55 1011.8
1291308540  7.4 55 1011.8
1291308600  7.4 55 1011.8
1291308660  7.4 55 1011.9
1291308720  7.4 55 1011.9
1291308780  7.4 55 1011.8
1291308840  7.4 55 1011.7
1291308900  7.4 55 1011.7
1291308960  7.4 55 1011.9
1291309020  7.4 55 1011.8
1291309080  7.4 55 1011.8
1291309140  7.4 55 1011.8
1291309200  7.4 55 1011.8
1291309260  7.4 55 1012.0
1291309320  7.4 55 1012.0
1291309380  7.4 55 1012.0
1291309440  7.4 55 1012.0
1291309500  7.4 55 1011.9
1291309560  7.4 55 1011.9
1291309620  7.4 55 1012.0
1291309680  7.4 55 1011.9
1291309740  7.4 55 1011.9
1291309800  7.4 55 1011.9
1291309860  7.4 55 1011.9
1291309920  7.4 55 1012.0
1291309980  7.4 55 1012.0
1291310040  7.4 55 1012.0
1291310100  7.4 55 1012.1
1291310280  7.4 55 1012.0
1291310340  7.4 55 1012.0
1291310400  7.4 55 1012.0
1291310460  7.4 55 1012.2
1291310520  7.4 55 1012.2
1291310580  7.4 55 1012.2
1291310640  7.4 55 1012.2
1291310700  7.4 55 1012.2
1291310760  7.4 55 1012.1
1291310820  7.4 55 1012.1
1291310880  7.4 55 1012.1
1291310940  7.4 55 1012.1
1291311000  7.4 55 1012.1
1291311060  7.4 55 1012.2
1291311120  7.4 55 1012.2
1291311180  7.4 55 1012.2
1291311240  7.4 55 1012.2
1291311300  7.4 55 1012.2
1291311360  7.4 55 1012.3
1291311420  7.4 55 1012.2
1291311480  7.4 55 1012.2
1291311540  7.4 55 1012.2
1291311600  7.4 55 1012.2
1291311660  7.4 55 1012.2
1291311720  7.4 55 1012.2
1291311780  7.4 55 1012.2
1291311840  7.4 55 1012.3
1291311900  7.4 55 1012.2
1291311960  7.4 55 1012.2
1291312020  7.4 55 1012.2
1291312080  7.4 55 1012.2
1291312140  7.4 55 1012.3
1291312200  7.4 55 1012.2
1291312260  7.4 55 1012.2
1291312320  7.4 55 1012.2
1291312380  7.4 55 1012.4
1291312440  7.4 55 1012.3
1291312500  7.4 55 1012.4
1291312560  7.4 55 1012.4
1291312620  7.4 55 1012.5
1291312680  7.4 55 1012.5
1291312740  7.4 55 1012.6
1291312800  7.4 55 1012.5
1291312860  7.4 55 1012.5
1291312920  7.4 55 1012.5
1291312980  7.4 55 1012.5
1291313040  7.4 55 1012.6
1291313100  7.4 55 1012.7
1291313160  7.4 55 1012.5
1291313220  7.4 55 1012.6
1291313280  7.4 55 1012.6
1291313340  7.4 55 1012.5
1291313400  7.4 55 1012.5
1291313460  7.3 55 1012.5
1291313520  7.3 55 1012.5
1291313580  7.4 55 1012.6
1291313640  7.3 55 1012.5
1291313700  7.4 55 1012.6
1291313880  7.4 55 1012.6
1291313940  7.4 55 1012.6
1291314000  7.4 55 1012.7
1291314060  7.4 55 1012.7
1291314120  7.4 55 1012.7
1291314180  7.4 55 1012.7
1291314240  7.4 55 1012.7
1291314300  7.4 55 1012.7
1291314360  7.4 55 1012.7
1291314420  7.4 55 1012.7
1291314480  7.4 55 1012.7
1291314540  7.4 55 1012.7
1291314600  7.4 55 1012.7
1291314660  7.4 55 1012.7
1291314720  7.4 55 1012.7
1291314780  7.3 55 1012.7
1291314840  7.3 55 1012.7
1291314900  7.4 55 1012.6
1291314960  7.4 55 1012.7
1291315020  7.4 55 1012.7
1291315080  7.3 55 1012.7
1291315140  7.4 55 1012.7
1291315200  7.4 55 1012.7
1291315260  7.3 55 1012.7
1291315320  7.3 55 1012.7
1291315380  7.3 55 1012.7
1291315440  7.4 55 1012.7
1291315500  7.4 55 1012.7
1291315560  7.4 55 1012.8
1291315620  7.3 55 1012.7
1291315680  7.3 55 1012.7
1291315740  7.3 55 1012.8
1291315800  7.3 55 1012.8
1291315860  7.3 55 1012.8
1291315920  7.3 55 1012.8
1291315980  7.3 55 1012.8
1291316040  7.3 55 1012.7
1291316160  7.3 55 1012.8
1291316220  7.3 55 1012.8
1291316280  7.3 55 1012.9
1291316340  7.3 55 1012.8
1291316400  7.3 55 1012.7
1291316460  7.3 55 1012.7
1291316520  7.3 55 1012.7
1291316580  7.3 55 1012.8
1291316640  7.3 55 1012.8
1291316700  7.3 55 1012.8
1291316760  7.3 55 1012.9
1291316820  7.3 55 1012.9
1291316880  7.3 55 1013.0
1291316940  7.3 55 1013.0
1291317000  7.3 55 1013.0
1291317060  7.3 55 1013.0
1291317120  7.3 55 1013.0
1291317180  7.3 55 1013.1
1291317240  7.3 55 1013.0
1291317300  7.3 55 1013.0
1291317360  7.3 55 1013.1
1291317480  7.3 55 1013.1
1291317540  7.3 55 1013.1
1291317600  7.3 55 1013.1
1291317660  7.3 55 1013.1
1291317720  7.3 55 1013.1
1291317780  7.3 55 1013.2
1291317840  7.3 55 1013.3
1291317900  7.3 55 1013.3
1291317960  7.3 55 1013.2
1291318020  7.3 55 1013.2
1291318080  7.3 55 1013.3
1291318140  7.3 55 1013.3
1291318200  7.3 55 1013.3
1291318260  7.3 55 1013.3
1291318320  7.3 55 1013.3
1291318380  7.3 55 1013.3
1291318440  7.3 55 1013.3
1291318500  7.3 55 1013.3
1291318560  7.3 55 1013.3
1291318620  7.3 55 1013.3
1291318680  7.3 55 1013.2
1291318740  7.3 55 1013.2
1291318800  7.3 55 1013.2
1291318860  7.3 55 1013.2
1291318920  7.3 55 1013.2
1291318980  7.3 55 1013.3
1291319040  7.3 55 1013.3
1291319100  7.3 55 1013.2
1291319160  7.3 55 1013.2
1291319220  7.3 55 1013.2
1291319280  7.3 55 1013.2
1291319340  7.3 55 1013.2
1291319400  7.3 55 1013.2
1291319460  7.3 55 1013.2
1291319520  7.3 55 1013.2
1291319580  7.3 55 1013.2
1291319640  7.3 55 1013.2
1291319700  7.3 55 1013.2
1291319760  7.3 55 1013.2
1291319820  7.3 55 1013.2
1291319880  7.3 55 1013.2
1291319940  7.3 55 1013.3
1291320000  7.3 55 1013.3
1291320060  7.3 55 1013.2
1291320120  7.3 55 1013.2
1291320180  7.3 55 1013.2
1291320240  7.2 55 1013.3
1291320300  7.2 55 1013.3
1291320360  7.2 55 1013.2
1291320420  7.2 55 1013.2
1291320480  7.2 55 1013.2
1291320540  7.2 55 1013.2
1291320600  7.2 55 1013.2
1291320660  7.2 55 1013.2
1291320720  7.2 55 1013.2
1291320780  7.2 55 1013.2
1291320840  7.2 55 1013.3
1291320900  7.2 55 1013.2
1291321080  7.2 55 1013.3
1291321140  7.2 55 1013.3
1291321200  7.2 55 1013.3
1291321260  7.2 55 1013.3
1291321320  7.2 55 1013.3
1291321380  7.2 55 1013.2
1291321440  7.2 55 1013.3
1291321500  7.2 55 1013.2
1291321560  7.2 55 1013.3
1291321620  7.2 55 1013.2
1291321680  7.2 55 1013.2
1291321740  7.2 55 1013.3
1291321800  7.2 55 1013.3
1291321860  7.2 55 1013.3
1291321920  7.2 55 1013.4
1291321980  7.2 55 1013.4
1291322040  7.2 55 1013.4
1291322100  7.2 55 1013.3
1291322160  7.2 55 1013.4
1291322220  7.2 55 1013.4
1291322280  7.2 55 1013.4
1291322340  7.2 55 1013.5
1291322400  7.2 55 1013.4
1291322460  7.2 55 1013.4
1291322520  7.2 55 1013.4
1291322580  7.2 55 1013.4
1291322640  7.2 55 1013.4
1291322700  7.2 55 1013.4
1291322760  7.2 55 1013.4
1291322820  7.2 55 1013.5
1291322880  7.2 55 1013.4
1291322940  7.2 55 1013.4
1291323000  7.2 55 1013.4
1291323060  7.2 55 1013.4
1291323120  7.2 55 1013.4
1291323180  7.2 55 1013.3
1291323240  7.2 55 1013.3
1291323300  7.2 55 1013.3
1291323360  7.2 55 1013.4
1291323420  7.2 55 1013.4
1291323480  7.2 55 1013.5
1291323540  7.2 55 1013.5
1291323600  7.2 55 1013.5
1291323660  7.2 55 1013.4
1291323720  7.2 55 1013.4
1291323780  7.2 55 1013.4
1291323840  7.2 55 1013.4
1291323900  7.2 55 1013.4
1291323960  7.2 55 1013.4
1291324020  7.2 55 1013.4
1291324080  7.2 55 1013.4
1291324140  7.2 55 1013.4
1291324200  7.2 55 1013.4
1291324260  7.2 55 1013.4
1291324320  7.2 55 1013.5
1291324380  7.2 55 1013.5
1291324440  7.2 55 1013.5
1291324500  7.2 55 1013.5
1291324680  7.2 55 1013.6
1291324740  7.2 55 1013.6
1291324800  7.2 55 1013.6
1291324860  7.2 55 1013.6
1291324920  7.2 55 1013.6
1291324980  7.2 55 1013.6
1291325040  7.2 55 1013.6
1291325100  7.2 55 1013.7
1291325160  7.2 55 1013.6
1291325220  7.2 55 1013.6
1291325280  7.2 55 1013.6
1291325340  7.2 55 1013.7
1291325400  7.2 55 1013.7
1291325460  7.2 55 1013.6
1291325520  7.2 55 1013.7
1291325580  7.2 55 1013.7
1291325640  7.2 55 1013.7
1291325700  7.2 55 1013.8
1291325760  7.2 55 1013.7
1291325820  7.2 55 1013.7
1291325880  7.2 55 1013.8
1291325940  7.2 55 1013.8
1291326000  7.2 55 1013.9
1291326060  7.2 55 1013.7
1291326120  7.2 55 1013.8
1291326180  7.2 55 1013.8
1291326240  7.2 55 1013.8
1291326300  7.2 55 1013.8
1291326360  7.2 55 1013.8
1291326420  7.2 55 1013.8
1291326480  7.2 55 1013.7
1291326540  7.2 55 1013.8
1291326600  7.2 55 1013.8
1291326660  7.2 55 1013.7
1291326720  7.2 55 1013.8
1291326780  7.2 55 1013.8
1291326840  7.2 55 1013.8
1291326900  7.2 55 1013.8
1291326960  7.2 55 1013.8
1291327020  7.2 55 1013.9
1291327080  7.2 55 1013.8
1291327140  7.2 55 1013.8
1291327200  7.2 55 1013.8
1291327260  7.2 55 1013.8
1291327320  7.2 55 1013.8
1291327380  7.2 55 1013.9
1291327440  7.2 55 1013.9
1291327500  7.2 55 1013.9
1291327560  7.2 55 1013.9
1291327620  7.2 55 1013.9
1291327680  7.2 55 1013.9
1291327740  7.2 55 1014.0
1291327800  7.2 55 1013.9
1291327860  7.2 55 1013.9
1291327920  7.2 55 1013.9
1291327980  7.2 55 1014.0
1291328040  7.2 55 1014.0
1291328100  7.2 55 1013.9
1291328160  7.2 55 1014.1
1291328220  7.2 55 1013.9
1291328280  7.2 55 1014.1
1291328340  7.2 55 1014.0
1291328400  7.2 55 1014.1
1291328460  7.2 55 1014.1
1291328520  7.2 55 1014.1
1291328580  7.2 55 1014.1
1291328640  7.2 55 1014.1
1291328700  7.2 55 1014.0
1291328760  7.2 55 1013.9
1291328820  7.2 55 1014.0
1291328880  7.2 55 1014.0
1291329000  7.2 55 1014.0
1291329060  7.2 55 1014.0
1291329120  7.2 55 1014.1
1291329180  7.2 55 1014.1
1291329240  7.2 55 1014.1
1291329300  7.2 55 1014.1
1291329360  7.2 55 1014.0
1291329420  7.2 55 1014.0
1291329480  7.2 55 1014.1
1291329540  7.2 55 1014.1
1291329600  7.2 55 1014.2
1291329660  7.2 55 1014.1
1291329720  7.2 55 1014.1
1291329780  7.2 55 1014.1
1291329840  7.2 55 1014.1
1291329900  7.2 55 1014.1
1291329960  7.2 55 1014.0
1291330020  7.2 55 1014.3
1291330080  7.2 55 1014.2
1291330140  7.2 55 1014.1
1291330200  7.2 55 1014.1
1291330260  7.2 55 1014.1
1291330320  7.2 55 1014.1
1291330380  7.2 55 1014.2
1291330440  7.2 55 1014.2
1291330500  7.2 55 1014.2
1291330560  7.2 55 1014.1
1291330620  7.2 55 1014.1
1291330680  7.2 55 1014.2
1291330740  7.2 55 1014.2
1291330800  7.2 55 1014.2
1291330860  7.2 55 1014.1
1291330920  7.2 55 1014.2
1291330980  7.1 55 1014.2
1291331040  7.1 55 1014.2
1291331100  7.1 55 1014.2
1291331160  7.2 55 1014.3
1291331220  7.1 55 1014.3
1291331280  7.2 55 1014.4
1291331340  7.2 55 1014.4
1291331400  7.2 55 1014.4
1291331460  7.2 55 1014.4
1291331520  7.1 55 1014.4
1291331580  7.1 55 1014.4
1291331640  7.1 55 1014.3
1291331700  7.1 55 1014.4
1291331760  7.1 55 1014.4
1291331820  7.1 55 1014.4
1291331880  7.1 55 1014.3
1291331940  7.1 55 1014.4
1291332000  7.1 55 1014.3
1291332060  7.1 55 1014.4
1291332120  7.1 55 1014.4
1291332180  7.1 55 1014.3
1291332240  7.1 55 1014.3
1291332300  7.1 55 1014.4
1291332360  7.1 55 1014.4
1291332420  7.1 55 1014.4
1291332480  7.1 55 1014.4
1291332540  7.1 55 1014.4
1291332600  7.1 55 1014.4
1291332660  7.1 55 1014.4
1291332720  7.1 55 1014.4
1291332780  7.1 55 1014.4
1291332840  7.1 55 1014.4
1291332900  7.1 55 1014.3
1291332960  7.1 55 1014.3
1291333020  7.1 55 1014.3
1291333080  7.1 55 1014.3
1291333140  7.1 55 1014.4
1291333200  7.1 55 1014.4
1291333260  7.1 55 1014.3
1291333320  7.1 55 1014.3
1291333380  7.1 55 1014.4
1291333440  7.1 55 1014.3
1291333500  7.1 55 1014.3
1291333560  7.1 55 1014.3
1291333620  7.1 55 1014.3
1291333680  7.1 55 1014.4
1291333740  7.1 55 1014.4
1291333800  7.1 55 1014.4
1291333860  7.1 55 1014.3
1291333920  7.1 55 1014.3
1291333980  7.1 55 1014.4
1291334040  7.1 55 1014.4
1291334100  7.1 55 1014.4
1291334160  7.1 55 1014.4
1291334220  7.1 55 1014.4
1291334280  7.1 55 1014.4
1291334340  7.1 55 1014.4
