1292112000  9.5 60 1024.4
1292112060  9.5 61 1024.4
1292112120  9.5 60 1024.5
1292112180  9.5 60 1024.5
1292112240  9.5 60 1024.5
1292112300  9.5 60 1024.5
1292112360  9.5 60 1024.5
1292112420  9.5 60 1024.5
1292112480  9.5 60 1024.5
1292112540  9.5 60 1024.6
1292112600  9.5 60 1024.5
1292112660  9.5 60 1024.6
1292112720  9.6 60 1024.6
1292112780  9.5 60 1024.6
1292112840  9.5 60 1024.6
1292112900  9.6 60 1024.7
1292112960  9.6 60 1024.7
1292113020  9.6 60 1024.6
1292113080  9.6 60 1024.7
1292113140  9.6 60 1024.6
1292113200  9.6 60 1024.7
1292113260  9.6 60 1024.7
1292113320  9.6 60 1024.7
1292113380  9.6 60 1024.6
1292113440  9.6 60 1024.6
1292113500  9.6 60 1024.6
1292113560  9.6 60 1024.6
1292113620  9.6 60 1024.8
1292113680  9.6 60 1024.7
1292113740  9.6 60 1024.7
1292113800  9.6 60 1024.7
1292113860  9.6 60 1024.6
1292113920  9.6 60 1024.7
1292113980  9.6 60 1024.6
1292114040  9.6 60 1024.6
1292114100  9.6 60 1024.6
1292114160  9.6 60 1024.6
1292114220  9.6 60 1024.6
1292114280  9.6 60 1024.6
1292114340  9.6 60 1024.7
1292114400  9.6 60 1024.6
1292114460  9.6 60 1024.6
1292114520  9.6 60 1024.7
1292114580  9.6 60 1024.7
1292114640  9.6 60 1024.7
1292114700  9.6 60 1024.7
1292114760  9.6 60 1024.7
1292114820  9.6 60 1024.7
1292114880  9.6 60 1024.7
1292114940  9.6 60 1024.7
1292115000  9.6 60 1024.7
1292115060  9.6 60 1024.7
1292115120  9.6 60 1024.7
1292115180  9.6 60 1024.7
1292115240  9.6 60 1024.7
1292115300  9.6 60 1024.7
1292115360  9.6 60 1024.7
1292115420  9.6 60 1024.7
1292115480  9.6 60 1024.7
1292115540  9.6 60 1024.7
1292115600  9.6 60 1024.7
1292115660  9.6 60 1024.8
1292115720  9.6 60 1024.8
1292115780  9.6 60 1024.7
1292115840  9.6 60 1024.7
1292115900  9.6 60 1024.7
1292115960  9.6 60 1024.7
1292116020  9.6 60 1024.7
1292116080  9.6 60 1024.7
1292116140  9.6 60 1024.7
1292116200  9.6 60 1024.7
1292116260  9.6 60 1024.7
1292116320  9.6 60 1024.7
1292116380  9.6 60 1024.7
1292116440  9.6 60 1024.7
1292116500  9.6 60 1024.7
1292116560  9.6 60 1024.7
1292116620  9.6 60 1024.7
1292116680  9.6 60 1024.7
1292116740  9.6 60 1024.7
1292116800  9.6 60 1024.6
1292116860  9.6 60 1024.7
1292116920  9.6 60 1024.6
1292116980  9.6 60 1024.6
1292117040  9.6 60 1024.6
1292117100  9.6 60 1024.7
1292117160  9.5 60 1024.7
1292117220  9.6 60 1024.6
1292117280  9.6 60 1024.6
1292117340  9.6 60 1024.6
1292117400  9.5 60 1024.7
1292117460  9.5 60 1024.7
1292117520  9.5 60 1024.6
1292117580  9.5 60 1024.6
1292117640  9.5 60 1024.6
1292117700  9.5 60 1024.6
1292117760  9.5 60 1024.7
1292117820  9.5 60 1024.6
1292117880  9.5 60 1024.6
1292117940  9.5 60 1024.6
1292118000  9.5 60 1024.7
1292118060  9.5 60 1024.7
1292118120  9.5 60 1024.7
1292118180  9.5 60 1024.6
1292118240  9.5 60 1024.6
1292118300  9.5 60 1024.7
1292118360  9.5 60 1024.6
1292118420  9.5 60 1024.7
1292118480  9.5 60 1024.7
1292118540  9.5 60 1024.7
1292118600  9.5 60 1024.7
1292118660  9.5 60 1024.6
1292118720  9.5 59 1024.7
1292118780  9.5 60 1024.7
1292118840  9.5 60 1024.7
1292118900  9.5 59 1024.7
1292118960  9.5 60 1024.7
1292119020  9.5 59 1024.7
1292119080  9.5 59 1024.7
1292119140  9.5 59 1024.7
1292119200  9.5 59 1024.6
1292119260  9.5 59 1024.7
1292119320  9.5 59 1024.7
1292119380  9.5 59 1024.6
1292119440  9.5 59 1024.7
1292119500  9.5 59 1024.6
1292119560  9.5 59 1024.7
1292119620  9.5 59 1024.7
1292119680  9.5 59 1024.7
1292119740  9.5 59 1024.7
1292119800  9.5 59 1024.8
1292119860  9.5 59 1024.7
1292119920  9.5 59 1024.8
1292119980  9.5 59 1024.8
1292120040  9.5 59 1024.8
1292120100  9.5 59 1024.9
1292120160  9.5 59 1024.8
1292120220  9.5 59 1024.8
1292120280  9.5 59 1024.8
1292120340  9.5 59 1024.8
1292120400  9.5 59 1024.7
1292120460  9.5 59 1024.7
1292120520  9.5 59 1024.7
1292120580  9.5 59 1024.7
1292120640  9.5 59 1024.7
1292120700  9.5 59 1024.6
1292120760  9.5 59 1024.6
1292120820  9.5 59 1024.7
1292120880  9.5 59 1024.7
1292120940  9.5 59 1024.7
1292121000  9.5 59 1024.7
1292121060  9.5 59 1024.7
1292121120  9.5 59 1024.8
1292121180  9.5 59 1024.8
1292121240  9.5 59 1024.8
1292121300  9.5 59 1024.7
1292121360  9.5 59 1024.7
1292121420  9.5 59 1024.7
1292121480  9.5 59 1024.7
1292121540  9.5 59 1024.7
1292121600  9.5 59 1024.8
1292121660  9.5 59 1024.9
1292121720  9.5 59 1024.9
1292121780  9.5 59 1024.8
1292121840  9.5 59 1024.8
1292121900  9.5 59 1024.8
1292121960  9.5 59 1024.7
1292122020  9.5 59 1024.7
1292122080  9.5 59 1024.7
1292122140  9.5 59 1024.7
1292122200  9.5 59 1024.8
1292122260  9.5 59 1024.7
1292122320  9.5 59 1024.8
1292122380  9.5 59 1024.7
1292122440  9.5 59 1024.8
1292122500  9.5 59 1024.8
1292122560  9.5 59 1024.9
1292122620  9.5 59 1024.9
1292122680  9.5 59 1024.9
1292122740  9.5 59 1024.9
1292122800  9.5 59 1025.0
1292122860  9.4 59 1024.9
1292122920  9.5 59 1025.0
1292122980  9.4 59 1024.9
1292123040  9.4 59 1024.9
1292123100  9.4 59 1024.8
1292123160  9.4 59 1024.8
1292123220  9.5 59 1024.9
1292123280  9.5 59 1024.9
1292123340  9.5 59 1024.9
1292123400  9.4 59 1024.8
1292123460  9.4 59 1024.9
1292123520  9.4 59 1024.8
1292123580  9.4 59 1024.8
1292123640  9.4 59 1024.8
1292123700  9.4 59 1024.7
1292123760  9.4 59 1024.8
1292123820  9.4 59 1024.7
1292123880  9.4 59 1024.7
1292123940  9.4 59 1024.7
1292124000  9.4 59 1024.8
1292124060  9.4 59 1024.8
1292124120  9.4 59 1024.8
1292124180  9.4 59 1024.8
1292124240  9.4 59 1024.8
1292124300  9.4 59 1024.8
1292124360  9.4 59 1024.8
1292124420  9.4 59 1024.8
1292124480  9.4 59 1024.8
1292124540  9.4 59 1024.8
1292124600  9.4 59 1024.9
1292124660  9.4 59 1024.8
1292124720  9.4 59 1024.8
1292124780  9.4 59 1024.8
1292124840  9.4 59 1024.8
1292124900  9.4 59 1024.9
1292124960  9.4 59 1025.0
1292125020  9.4 59 1025.0
1292125080  9.4 59 1025.0
1292125140  9.4 59 1025.0
1292125200  9.4 59 1024.9
1292125260  9.4 59 1024.9
1292125320  9.4 59 1024.9
1292125380  9.4 59 1024.9
1292125440  9.4 59 1024.8
1292125500  9.4 59 1024.9
1292125560  9.4 59 1024.9
1292125620  9.4 59 1024.9
1292125680  9.4 59 1024.9
1292125740  9.4 59 1024.9
1292125800  9.4 59 1025.0
1292125860  9.4 59 1025.0
1292125920  9.4 59 1025.0
1292125980  9.4 59 1025.0
1292126040  9.4 59 1025.0
1292126100  9.4 59 1025.1
1292126160  9.4 59 1025.1
1292126220  9.4 59 1025.1
1292126280  9.4 59 1025.1
1292126340  9.4 59 1025.1
1292126400  9.4 59 1025.2
1292126460  9.4 59 1025.2
1292126520  9.4 59 1025.2
1292126580  9.4 59 1025.2
1292126640  9.4 59 1025.1
1292126700  9.4 59 1025.1
1292126760  9.4 59 1025.1
1292126820  9.4 59 1025.1
1292126880  9.4 59 1025.1
1292126940  9.4 59 1025.1
1292127000  9.4 59 1025.1
1292127060  9.4 59 1025.1
1292127180  9.4 59 1025.1
1292127240  9.4 59 1025.1
1292127300  9.4 59 1025.2
1292127360  9.4 59 1025.2
1292127420  9.4 59 1025.2
1292127480  9.4 59 1025.1
1292127540  9.4 59 1025.1
1292127600  9.4 59 1025.1
1292127660  9.4 59 1025.1
1292127720  9.4 59 1025.0
1292127780  9.4 59 1025.0
1292127840  9.4 59 1025.1
1292127900  9.4 59 1025.1
1292127960  9.4 59 1025.1
1292128020  9.4 59 1025.1
1292128080  9.4 59 1025.0
1292128140  9.4 59 1025.1
1292128200  9.4 59 1025.1
1292128260  9.4 59 1025.1
1292128320  9.4 59 1025.1
1292128380  9.4 59 1025.2
1292128440  9.4 59 1025.2
1292128500  9.4 59 1025.2
1292128560  9.4 59 1025.2
1292128620  9.4 59 1025.1
1292128680  9.4 59 1025.1
1292128740  9.4 59 1025.1
1292128800  9.3 59 1025.1
1292128860  9.3 59 1025.1
1292128920  9.4 59 1025.1
1292128980  9.4 59 1025.1
1292129040  9.3 59 1025.1
1292129100  9.3 59 1025.1
1292129160  9.4 59 1025.1
1292129220  9.3 59 1025.1
1292129280  9.4 59 1025.2
1292129340  9.3 59 1025.2
1292129400  9.3 59 1025.2
1292129460  9.3 59 1025.2
1292129520  9.3 59 1025.2
1292129580  9.3 59 1025.1
1292129640  9.3 59 1025.2
1292129700  9.3 59 1025.2
1292129760  9.3 59 1025.1
1292129820  9.3 59 1025.1
1292129880  9.3 58 1025.1
1292129940  9.3 58 1025.1
1292130000  9.3 58 1025.1
1292130060  9.3 58 1025.1
1292130120  9.3 58 1025.0
1292130180  9.3 58 1025.0
1292130240  9.3 58 1025.0
1292130300  9.3 58 1025.0
1292130360  9.3 58 1024.9
1292130420  9.3 58 1025.0
1292130480  9.3 58 1025.0
1292130540  9.3 58 1025.0
1292130600  9.3 58 1025.0
1292130660  9.3 58 1025.0
1292130720  9.3 58 1024.9
1292130780  9.3 58 1025.0
1292130840  9.3 58 1024.9
1292130900  9.3 58 1024.9
1292130960  9.3 58 1025.0
1292131020  9.3 58 1024.9
1292131080  9.3 58 1024.9
1292131140  9.3 58 1024.9
1292131200  9.3 58 1024.9
1292131260  9.3 58 1024.9
1292131320  9.3 58 1024.9
1292131380  9.3 58 1024.9
1292131440  9.3 58 1024.9
1292131500  9.3 58 1024.9
1292131560  9.3 58 1024.9
1292131620  9.3 58 1024.9
1292131680  9.3 58 1024.9
1292131740  9.3 58 1024.9
1292131800  9.3 58 1024.9
1292131860  9.3 58 1024.9
1292131920  9.3 58 1024.9
1292131980  9.3 58 1024.9
1292132040  9.3 58 1024.9
1292132100  9.3 58 1024.9
1292132160  9.3 58 1024.9
1292132220  9.3 58 1024.9
1292132280  9.3 58 1024.9
1292132340  9.3 58 1024.9
1292132400  9.3 58 1024.9
1292132460  9.3 58 1024.9
1292132580  9.3 58 1024.9
1292132640  9.3 58 1024.9
1292132700  9.3 58 1024.9
1292132760  9.3 58 1024.9
1292132820  9.3 58 1024.9
1292132880  9.3 58 1024.8
1292132940  9.3 58 1024.9
1292133000  9.3 58 1024.9
1292133060  9.3 58 1024.9
1292133120  9.3 58 1024.9
1292133180  9.3 58 1024.9
1292133240  9.3 58 1025.0
1292133300  9.3 58 1025.0
1292133360  9.3 58 1025.0
1292133420  9.2 58 1024.9
1292133480  9.3 58 1024.9
1292133540  9.3 58 1024.9
1292133600  9.3 58 1024.9
1292133660  9.3 58 1024.9
1292133720  9.2 58 1024.9
1292133780  9.2 58 1024.9
1292133840  9.2 58 1024.9
1292133900  9.2 58 1025.0
1292133960  9.2 58 1025.0
1292134020  9.2 58 1025.0
1292134080  9.2 58 1025.0
1292134140  9.2 58 1025.0
1292134200  9.2 58 1025.0
1292134260  9.2 58 1025.0
1292134320  9.3 58 1025.0
1292134380  9.2 58 1024.9
1292134440  9.2 58 1025.0
1292134500  9.2 58 1025.0
1292134560  9.2 58 1025.1
1292134620  9.2 58 1025.1
1292134680  9.2 58 1025.0
1292134740  9.2 58 1025.1
1292134800  9.2 58 1025.0
1292134860  9.2 58 1025.0
1292134920  9.2 58 1025.0
1292134980  9.2 58 1024.9
1292135040  9.2 58 1024.9
1292135100  9.2 58 1024.9
1292135160  9.2 58 1025.0
1292135220  9.2 58 1024.9
1292135280  9.2 58 1024.9
1292135340  9.2 58 1025.0
1292135400  9.2 58 1024.9
1292135460  9.2 58 1024.9
1292135520  9.2 58 1024.9
1292135580  9.2 58 1025.0
1292135640  9.2 58 1024.9
1292135700  9.2 58 1025.0
1292135760  9.2 58 1025.0
1292135820  9.2 58 1024.9
1292135880  9.2 58 1025.0
1292135940  9.2 58 1025.0
1292136000  9.2 58 1025.0
1292136060  9.2 58 1025.0
1292136120  9.2 58 1025.0
1292136180  9.2 58 1025.1
1292136240  9.2 58 1025.0
1292136300  9.2 58 1025.0
1292136360  9.2 58 1025.0
1292136420  9.2 58 1025.1
1292136480  9.2 58 1025.1
1292136600  9.2 58 1025.1
1292136660  9.2 58 1025.1
1292136720  9.2 58 1025.1
1292136780  9.2 58 1025.1
1292136840  9.2 58 1025.1
1292136900  9.2 58 1025.2
1292136960  9.2 58 1025.1
1292137020  9.2 58 1025.1
1292137080  9.2 58 1025.1
1292137140  9.2 58 1025.1
1292137200  9.2 58 1025.1
1292137260  9.2 58 1025.1
1292137320  9.2 58 1025.1
1292137380  9.2 58 1025.1
1292137440  9.2 58 1025.1
1292137500  9.2 58 1025.1
1292137560  9.2 58 1025.2
1292137620  9.2 58 1025.2
1292137680  9.2 58 1025.2
1292137740  9.2 58 1025.1
1292137800  9.2 58 1025.2
1292137860  9.2 58 1025.2
1292137920  9.2 58 1025.1
1292137980  9.2 58 1025.1
1292138040  9.2 58 1025.1
1292138100  9.2 58 1025.2
1292138160  9.2 58 1025.3
1292138220  9.2 58 1025.3
1292138280  9.2 58 1025.4
1292138340  9.2 58 1025.4
1292138400  9.2 58 1025.3
1292138460  9.2 58 1025.4
1292138520  9.2 58 1025.4
1292138580  9.2 58 1025.4
1292138640  9.2 58 1025.4
1292138700  9.2 58 1025.5
1292138760  9.2 58 1025.6
1292138820  9.2 58 1025.5
1292138880  9.2 58 1025.6
1292138940  9.2 58 1025.6
1292139000  9.2 58 1025.6
1292139060  9.2 58 1025.6
1292139120  9.2 58 1025.6
1292139180  9.2 58 1025.6
1292139240  9.2 58 1025.6
1292139300  9.2 58 1025.6
1292139360  9.2 58 1025.5
1292139420  9.2 58 1025.6
1292139480  9.2 58 1025.5
1292139540  9.2 58 1025.6
1292139600  9.2 58 1025.6
1292139660  9.2 58 1025.6
1292139720  9.2 58 1025.5
1292139780  9.2 58 1025.5
1292139840  9.2 58 1025.5
1292139900  9.2 58 1025.6
1292139960  9.2 58 1025.6
1292140020  9.2 58 1025.7
1292140080  9.2 58 1025.7
1292140140  9.2 58 1025.7
1292140200  9.2 58 1025.8
1292140260  9.1 58 1025.7
1292140320  9.2 58 1025.7
1292140380  9.2 58 1025.7
1292140440  9.2 58 1025.7
1292140500  9.1 58 1025.6
1292140560  9.2 58 1025.7
1292140620  9.2 58 1025.7
1292140680  9.1 58 1025.7
1292140740  9.2 58 1025.7
1292140800  9.2 58 1025.7
1292140860  9.1 58 1025.8
1292140920  9.1 58 1025.9
1292140980  9.1 58 1025.9
1292141040  9.1 58 1025.9
1292141100  9.1 58 1026.0
1292141160  9.1 58 1026.1
1292141220  9.1 58 1026.1
1292141280  9.1 58 1026.2
1292141340  9.1 58 1026.1
1292141400  9.1 58 1026.0
1292141460  9.1 58 1026.1
1292141520  9.1 58 1026.1
1292141580  9.1 58 1026.1
1292141640  9.1 58 1026.1
1292141700  9.1 58 1026.1
1292141760  9.1 58 1026.1
1292141820  9.1 58 1026.1
1292141880  9.1 58 1026.2
1292141940  9.1 58 1026.1
1292142000  9.1 58 1026.1
1292142060  9.1 58 1026.1
1292142120  9.1 58 1026.1
1292142180  9.1 58 1026.1
1292142240  9.1 58 1026.1
1292142300  9.1 58 1026.1
1292142360  9.1 58 1026.2
1292142420  9.1 58 1026.3
1292142480  9.1 58 1026.3
1292142540  9.1 58 1026.3
1292142600  9.1 58 1026.3
1292142660  9.1 58 1026.3
1292142720  9.1 58 1026.3
1292142780  9.1 58 1026.3
1292142840  9.1 58 1026.3
1292142900  9.1 58 1026.3
1292142960  9.1 58 1026.4
1292143020  9.1 58 1026.4
1292143080  9.1 58 1026.4
1292143140  9.1 58 1026.4
1292143200  9.1 58 1026.4
1292143260  9.1 58 1026.4
1292143320  9.1 58 1026.5
1292143380  9.1 58 1026.5
1292143440  9.1 58 1026.5
1292143500  9.1 58 1026.5
1292143560  9.1 58 1026.3
1292143620  9.1 58 1026.3
1292143680  9.1 58 1026.4
1292143740  9.1 58 1026.4
1292143800  9.1 58 1026.4
1292143860  9.1 58 1026.5
1292143920  9.1 58 1026.5
1292143980  9.1 58 1026.4
1292144040  9.1 58 1026.4
1292144100  9.1 58 1026.6
1292144160  9.1 58 1026.6
1292144220  9.1 58 1026.6
1292144280  9.1 58 1026.6
1292144340  9.1 58 1026.6
1292144400  9.1 58 1026.7
1292144460  9.1 58 1026.5
1292144520  9.1 58 1026.6
1292144580  9.1 58 1026.6
1292144640  9.1 58 1026.6
1292144700  9.1 58 1026.7
1292144760  9.1 58 1026.6
1292144820  9.1 58 1026.5
1292144880  9.1 58 1026.6
1292144940  9.1 58 1026.6
1292145000  9.0 58 1026.6
1292145060  9.1 58 1026.6
1292145120  9.1 58 1026.6
1292145180  9.1 58 1026.6
1292145240  9.1 58 1026.6
1292145300  9.1 58 1026.7
1292145360  9.1 58 1026.8
1292145420  9.1 58 1026.7
1292145480  9.1 58 1026.8
1292145540  9.1 58 1026.7
1292145600  9.1 58 1026.7
1292145660  9.1 58 1026.7
1292145720  9.1 58 1026.7
1292145780  9.1 58 1026.7
1292145840  9.1 58 1026.7
1292145900  9.1 58 1026.6
1292145960  9.1 58 1026.7
1292146020  9.1 58 1026.7
1292146080  9.1 58 1026.7
1292146140  9.1 58 1026.7
1292146200  9.1 58 1026.7
1292146260  9.1 58 1026.7
1292146320  9.1 58 1026.6
1292146380  9.1 58 1026.6
1292146440  9.1 58 1026.7
1292146500  9.1 58 1026.7
1292146560  9.1 58 1026.7
1292146620  9.1 58 1026.7
1292146680  9.1 58 1026.7
1292146740  9.1 58 1026.7
1292146800  9.1 58 1026.8
1292146860  9.1 58 1026.8
1292146920  9.1 58 1026.8
1292146980  9.1 58 1026.9
1292147040  9.1 58 1026.8
1292147100  9.1 58 1026.8
1292147160  9.1 58 1026.8
1292147220  9.1 58 1026.8
1292147280  9.1 58 1026.7
1292147340  9.1 58 1026.8
1292147400  9.1 58 1026.7
1292147460  9.1 58 1026.7
1292147520  9.1 58 1026.8
1292147580  9.1 58 1026.7
1292147640  9.1 58 1026.7
1292147700  9.1 58 1026.7
1292147760  9.1 58 1026.7
1292147820  9.2 58 1026.7
1292147880  9.2 58 1026.7
1292147940  9.1 58 1026.7
1292148000  9.2 58 1026.7
1292148060  9.2 58 1026.6
1292148120  9.1 58 1026.6
1292148180  9.2 58 1026.7
1292148240  9.2 58 1026.7
1292148300  9.2 58 1026.7
1292148360  9.2 58 1026.7
1292148420  9.2 58 1026.7
1292148480  9.2 58 1026.8
1292148540  9.2 58 1026.7
1292148600  9.2 58 1026.7
1292148660  9.2 58 1026.7
1292148720  9.2 58 1026.7
1292148780  9.2 58 1026.8
1292148840  9.2 58 1026.8
1292148900  9.2 58 1026.8
1292148960  9.2 58 1026.8
1292149020  9.2 58 1026.8
1292149080  9.2 58 1026.9
1292149140  9.2 58 1026.8
1292149200  9.2 58 1026.8
1292149260  9.2 58 1026.8
1292149320  9.2 58 1026.7
1292149380  9.2 58 1026.8
1292149440  9.2 58 1026.7
1292149500  9.2 58 1026.8
1292149560  9.2 58 1026.8
1292149740  9.3 58 1026.7
1292149800  9.3 58 1026.7
1292149860  9.3 58 1026.7
1292149920  9.3 58 1026.7
1292149980  9.3 58 1026.8
1292150040  9.3 58 1026.8
1292150100  9.3 58 1026.8
1292150160  9.3 58 1026.8
1292150220  9.3 58 1026.8
1292150280  9.3 58 1026.8
1292150340  9.3 58 1026.8
1292150400  9.4 58 1026.7
1292150460  9.4 58 1026.8
1292150520  9.4 58 1026.8
1292150580  9.4 58 1026.6
1292150640  9.4 58 1026.7
1292150700  9.4 58 1026.7
1292150760  9.4 58 1026.7
1292150820  9.4 58 1026.7
1292150880  9.4 58 1026.8
1292150940  9.4 58 1026.8
1292151000  9.4 58 1026.8
1292151060  9.4 58 1026.7
1292151120  9.4 58 1026.7
1292151180  9.4 58 1026.7
1292151240  9.4 58 1026.7
1292151300  9.4 58 1026.7
1292151360  9.4 58 1026.7
1292151420  9.4 58 1026.7
1292151480  9.4 58 1026.8
1292151540  9.4 58 1026.8
1292151600  9.4 58 1026.7
1292151660  9.5 59 1026.8
1292151720  9.4 59 1026.8
1292151780  9.5 59 1026.7
1292151840  9.5 59 1026.7
1292151900  9.5 58 1026.7
1292151960  9.5 58 1026.7
1292152020  9.5 58 1026.8
1292152080  9.5 58 1026.8
1292152140  9.5 58 1026.7
1292152200  9.5 58 1026.8
1292152260  9.5 58 1026.8
1292152320  9.5 58 1026.7
1292152380  9.5 58 1026.7
1292152440  9.5 58 1026.7
1292152500  9.5 58 1026.7
1292152560  9.5 58 1026.7
1292152620  9.5 59 1026.7
1292152680  9.5 59 1026.7
1292152740  9.5 59 1026.7
1292152800  9.5 58 1026.8
1292152860  9.5 58 1026.8
1292152920  9.5 58 1026.9
1292152980  9.5 59 1026.7
1292153040  9.5 59 1026.7
1292153100  9.5 58 1026.6
1292153160  9.5 58 1026.6
1292153220  9.5 58 1026.6
1292153280  9.5 58 1026.6
1292153340  9.5 58 1026.7
1292153400  9.5 58 1026.7
1292153460  9.5 59 1026.8
1292153520  9.5 59 1026.7
1292153580  9.5 59 1026.8
1292153640  9.5 59 1026.8
1292153700  9.5 59 1026.7
1292153760  9.5 59 1026.7
1292153820  9.6 59 1026.7
1292153880  9.5 59 1026.8
1292153940  9.5 59 1026.8
1292154000  9.5 59 1026.8
1292154060  9.6 59 1026.8
1292154120  9.6 58 1026.8
1292154180  9.6 58 1026.9
1292154240  9.5 58 1026.8
1292154300  9.5 58 1026.7
1292154360  9.5 58 1026.7
1292154420  9.5 59 1026.7
1292154480  9.6 59 1026.8
1292154540  9.6 58 1026.7
1292154600  9.5 58 1026.7
1292154660  9.5 58 1026.7
1292154720  9.5 58 1026.6
1292154780  9.5 58 1026.7
1292154840  9.5 58 1026.7
1292154900  9.5 58 1026.7
1292154960  9.5 58 1026.7
1292155020  9.5 58 1026.7
1292155080  9.5 58 1026.8
1292155140  9.5 58 1026.8
1292155200  9.5 58 1026.8
1292155260  9.5 58 1026.8
1292155320  9.5 58 1026.9
1292155380  9.5 58 1027.0
1292155440  9.5 59 1027.0
1292155500  9.5 58 1026.9
1292155560  9.5 58 1026.9
1292155620  9.5 58 1026.9
1292155680  9.5 58 1026.7
1292155740  9.5 58 1026.8
1292155800  9.5 58 1026.8
1292155860  9.6 58 1026.8
1292155920  9.6 58 1026.7
1292155980  9.5 58 1026.8
1292156040  9.5 58 1026.8
1292156100  9.5 58 1026.9
1292156160  9.5 59 1026.9
1292156220  9.5 58 1026.8
1292156280  9.5 58 1026.8
1292156340  9.5 58 1026.8
1292156400  9.5 58 1026.9
1292156460  9.6 58 1026.9
1292156520  9.6 58 1026.9
1292156580  9.6 58 1026.9
1292156640  9.6 58 1026.9
1292156700  9.6 58 1027.0
1292156760  9.6 58 1026.8
1292156820  9.6 58 1026.9
1292156880  9.6 58 1026.9
1292156940  9.6 58 1026.9
1292157000  9.6 58 1027.0
1292157060  9.6 58 1027.0
1292157120  9.6 58 1026.8
1292157180  9.6 58 1026.8
1292157240  9.6 58 1026.8
1292157300  9.6 58 1026.9
1292157360  9.6 58 1027.0
1292157420  9.6 58 1027.0
1292157480  9.6 58 1027.0
1292157540  9.6 58 1027.0
1292157600  9.6 58 1027.0
1292157660  9.6 58 1026.9
1292157720  9.6 58 1026.9
1292157780  9.6 58 1026.9
1292157900  9.6 58 1027.0
1292157960  9.6 58 1026.9
1292158020  9.6 58 1027.0
1292158080  9.6 58 1027.0
1292158140  9.6 58 1027.0
1292158200  9.6 58 1026.9
1292158260  9.6 58 1026.9
1292158320  9.6 58 1026.9
1292158380  9.6 58 1027.0
1292158440  9.6 58 1026.9
1292158500  9.6 58 1026.9
1292158560  9.6 58 1027.0
1292158620  9.6 58 1027.0
1292158680  9.6 58 1027.0
1292158740  9.6 58 1027.0
1292158800  9.6 58 1027.0
1292158860  9.6 58 1027.1
1292158920  9.6 58 1027.0
1292158980  9.6 58 1027.0
1292159040  9.6 58 1027.0
1292159100  9.6 58 1027.0
1292159160  9.6 58 1027.0
1292159220  9.6 58 1027.1
1292159280  9.6 58 1027.1
1292159340  9.6 58 1027.1
1292159400  9.6 58 1027.1
1292159460  9.6 58 1027.1
1292159520  9.6 58 1027.1
1292159580  9.6 58 1027.1
1292159640  9.6 58 1027.1
1292159700  9.6 58 1027.1
1292159760  9.6 58 1027.0
1292159820  9.6 58 1027.0
1292159880  9.6 58 1027.0
1292159940  9.6 58 1027.0
1292160000  9.6 58 1027.1
1292160060  9.6 58 1027.1
1292160120  9.6 58 1027.0
1292160180  9.6 58 1027.1
1292160240  9.6 58 1027.0
1292160300  9.6 58 1027.0
1292160360  9.6 58 1027.0
1292160420  9.6 58 1027.0
1292160480  9.6 58 1027.0
1292160540  9.6 58 1027.0
1292160600  9.6 58 1027.0
1292160660  9.6 58 1027.1
1292160720  9.6 58 1027.1
1292160780  9.6 58 1027.1
1292160840  9.6 58 1027.1
1292160900  9.6 58 1027.1
1292160960  9.6 58 1027.0
1292161020  9.6 58 1027.0
1292161080  9.6 58 1027.0
1292161140  9.6 58 1027.0
1292161200  9.6 58 1027.0
1292161260  9.6 58 1027.0
1292161320  9.6 58 1027.1
1292161380  9.6 58 1027.0
1292161440  9.6 58 1027.0
1292161500  9.6 58 1027.0
1292161560  9.6 58 1027.0
1292161620  9.6 58 1026.8
1292161680  9.6 58 1026.8
1292161740  9.6 58 1026.8
1292161800  9.6 58 1026.8
1292161860  9.6 58 1026.8
1292161920  9.6 58 1026.7
1292161980  9.6 58 1026.8
1292162040  9.6 58 1026.7
1292162100  9.6 58 1026.8
1292162160  9.6 58 1026.8
1292162220  9.6 58 1026.9
1292162280  9.6 58 1027.0
1292162340  9.6 58 1027.0
1292162400  9.6 58 1026.9
1292162460  9.6 58 1026.9
1292162520  9.6 58 1026.8
1292162580  9.6 58 1026.8
1292162640  9.6 58 1026.7
1292162700  9.6 58 1026.7
1292162760  9.6 58 1026.7
1292162820  9.6 58 1026.8
1292162880  9.6 58 1026.8
1292162940  9.6 58 1026.8
1292163000  9.6 58 1026.8
1292163060  9.6 58 1026.7
1292163120  9.6 58 1026.8
1292163180  9.6 58 1026.8
1292163240  9.6 58 1026.7
1292163300  9.6 58 1026.7
1292163360  9.6 58 1026.8
1292163420  9.6 58 1026.8
1292163480  9.6 58 1026.8
1292163540  9.6 58 1026.8
1292163600  9.6 58 1026.8
1292163660  9.6 58 1026.8
1292163720  9.6 58 1026.9
1292163780  9.6 58 1026.8
1292163840  9.6 58 1026.8
1292163900  9.6 58 1026.8
1292163960  9.7 58 1026.7
1292164020  9.6 58 1026.9
1292164080  9.6 58 1026.9
1292164140  9.6 58 1026.9
1292164200  9.6 58 1026.9
1292164260  9.7 58 1026.7
1292164320  9.6 58 1026.7
1292164380  9.7 58 1026.7
1292164440  9.6 58 1026.7
1292164500  9.7 58 1026.7
1292164560  9.7 58 1026.6
1292164620  9.7 58 1026.7
1292164680  9.7 58 1026.7
1292164740  9.7 58 1026.7
1292164800  9.7 58 1026.7
1292164860  9.7 58 1026.7
1292164920  9.7 58 1026.7
1292164980  9.7 58 1026.6
1292165040  9.7 58 1026.7
1292165100  9.6 58 1026.7
1292165160  9.7 58 1026.7
1292165220  9.6 58 1026.7
1292165280  9.6 58 1026.7
1292165340  9.6 58 1026.7
1292165400  9.6 58 1026.7
1292165460  9.6 58 1026.7
1292165520  9.7 58 1026.7
1292165580  9.6 58 1026.7
1292165640  9.6 58 1026.7
1292165700  9.6 58 1026.7
1292165760  9.6 58 1026.9
1292165820  9.6 58 1026.7
1292165880  9.6 58 1026.8
1292165940  9.6 58 1026.7
1292166000  9.6 58 1026.7
1292166060  9.6 58 1026.7
1292166120  9.6 58 1026.7
1292166180  9.6 58 1026.7
1292166240  9.6 58 1026.7
1292166300  9.6 58 1026.7
1292166360  9.6 58 1026.7
1292166420  9.6 58 1026.8
1292166480  9.6 58 1026.8
1292166540  9.6 58 1026.7
1292166600  9.6 58 1026.8
1292166660  9.6 58 1026.8
1292166720  9.6 58 1026.7
1292166780  9.6 58 1026.9
1292166840  9.6 58 1026.8
1292166900  9.6 58 1026.8
1292166960  9.6 58 1026.9
1292167020  9.6 58 1026.9
1292167080  9.6 58 1026.8
1292167140  9.6 58 1026.9
1292167200  9.6 58 1026.9
1292167260  9.6 58 1026.9
1292167320  9.6 58 1026.8
1292167380  9.6 58 1026.9
1292167440  9.6 58 1027.0
1292167500  9.6 58 1027.0
1292167560  9.6 58 1027.0
1292167620  9.6 58 1027.0
1292167680  9.6 58 1027.0
1292167740  9.6 58 1027.0
1292167800  9.6 58 1027.0
1292167860  9.6 58 1027.0
1292167920  9.6 58 1027.1
1292167980  9.6 58 1027.0
1292168040  9.6 58 1027.0
1292168100  9.6 58 1027.1
1292168160  9.6 58 1027.1
1292168220  9.6 58 1027.0
1292168280  9.6 58 1027.1
1292168340  9.6 58 1027.1
1292168400  9.6 58 1027.1
1292168460  9.6 58 1027.1
1292168520  9.6 58 1027.1
1292168580  9.6 58 1027.1
1292168640  9.6 58 1027.1
1292168700  9.6 58 1027.1
1292168760  9.6 58 1027.1
1292168820  9.6 58 1027.1
1292168880  9.6 58 1027.1
1292168940  9.6 58 1027.1
1292169000  9.6 58 1027.1
1292169060  9.6 58 1027.1
1292169120  9.6 58 1027.1
1292169180  9.6 58 1027.1
1292169240  9.6 58 1027.0
1292169300  9.6 58 1027.1
1292169360  9.6 58 1027.1
1292169420  9.6 58 1027.1
1292169480  9.6 58 1027.1
1292169540  9.6 58 1027.1
1292169600  9.6 58 1027.1
1292169660  9.6 58 1027.1
1292169720  9.6 58 1027.1
1292169780  9.6 58 1027.2
1292169840  9.6 58 1027.1
1292169900  9.6 58 1027.2
1292169960  9.6 58 1027.3
1292170020  9.6 58 1027.2
1292170080  9.6 58 1027.2
1292170140  9.6 58 1027.2
1292170200  9.6 58 1027.2
1292170260  9.6 58 1027.2
1292170320  9.6 58 1027.2
1292170380  9.6 58 1027.3
1292170440  9.6 58 1027.3
1292170500  9.6 58 1027.3
1292170560  9.6 58 1027.3
1292170620  9.6 58 1027.3
1292170680  9.6 58 1027.3
1292170740  9.6 58 1027.4
1292170800  9.6 58 1027.4
1292170860  9.6 58 1027.4
1292170920  9.6 58 1027.4
1292170980  9.6 58 1027.4
1292171040  9.6 58 1027.5
1292171100  9.6 58 1027.5
1292171160  9.6 58 1027.5
1292171220  9.6 58 1027.5
1292171280  9.6 58 1027.5
1292171340  9.6 58 1027.6
1292171400  9.6 58 1027.5
1292171460  9.6 58 1027.5
1292171580  9.6 58 1027.5
1292171640  9.6 58 1027.5
1292171700  9.6 58 1027.5
1292171760  9.5 58 1027.6
1292171820  9.6 58 1027.6
1292171880  9.6 58 1027.6
1292171940  9.6 58 1027.5
1292172000  9.6 58 1027.6
1292172060  9.6 58 1027.6
1292172120  9.6 58 1027.6
1292172180  9.5 58 1027.6
1292172240  9.6 58 1027.6
1292172300  9.5 58 1027.6
1292172360  9.5 58 1027.6
1292172420  9.5 58 1027.6
1292172480  9.5 58 1027.6
1292172540  9.5 58 1027.6
1292172600  9.5 58 1027.6
1292172660  9.5 58 1027.6
1292172720  9.5 58 1027.7
1292172780  9.5 58 1027.6
1292172840  9.5 58 1027.6
1292172900  9.5 58 1027.6
1292172960  9.5 58 1027.7
1292173020  9.5 58 1027.7
1292173080  9.5 58 1027.8
1292173140  9.5 58 1027.6
1292173200  9.5 58 1027.6
1292173260  9.5 58 1027.6
1292173320  9.5 58 1027.7
1292173380  9.5 58 1027.6
1292173440  9.5 58 1027.6
1292173500  9.5 58 1027.5
1292173680  9.5 58 1027.7
1292173740  9.5 58 1027.7
1292173800  9.5 58 1027.7
1292173860  9.5 58 1027.7
1292173920  9.5 58 1027.7
1292173980  9.5 58 1027.7
1292174040  9.5 58 1027.6
1292174100  9.5 58 1027.6
1292174220  9.5 58 1027.6
1292174280  9.5 58 1027.7
1292174340  9.5 58 1027.7
1292174400  9.5 58 1027.6
1292174460  9.5 58 1027.6
1292174520  9.5 58 1027.6
1292174580  9.5 58 1027.6
1292174640  9.5 58 1027.6
1292174700  9.5 58 1027.6
1292174760  9.5 58 1027.6
1292174820  9.5 58 1027.6
1292174880  9.5 58 1027.6
1292174940  9.5 58 1027.6
1292175000  9.5 58 1027.6
1292175060  9.5 58 1027.6
1292175120  9.5 58 1027.6
1292175180  9.5 58 1027.7
1292175240  9.5 58 1027.8
1292175300  9.5 58 1027.7
1292175360  9.5 58 1027.8
1292175420  9.5 58 1027.8
1292175480  9.5 58 1027.8
1292175540  9.5 58 1027.8
1292175600  9.5 58 1027.9
1292175660  9.5 58 1027.8
1292175720  9.5 58 1027.8
1292175780  9.5 58 1027.8
1292175840  9.5 58 1027.8
1292175900  9.5 58 1027.8
1292175960  9.5 58 1027.8
1292176020  9.5 58 1027.8
1292176080  9.5 58 1027.8
1292176140  9.5 58 1027.8
1292176200  9.5 58 1027.9
1292176260  9.5 58 1027.9
1292176320  9.5 58 1027.8
1292176380  9.5 58 1027.8
1292176440  9.5 58 1027.8
1292176500  9.5 58 1027.8
1292176560  9.5 58 1027.8
1292176620  9.5 58 1027.8
1292176680  9.5 58 1027.8
1292176740  9.5 58 1027.8
1292176800  9.5 58 1027.8
1292176860  9.5 58 1027.8
1292176920  9.5 58 1027.8
1292176980  9.5 58 1027.8
1292177040  9.5 58 1027.8
1292177100  9.5 58 1027.8
1292177220  9.5 58 1027.8
1292177280  9.5 58 1027.8
1292177340  9.5 58 1027.7
1292177400  9.5 58 1027.8
1292177460  9.5 58 1027.8
1292177520  9.5 58 1027.7
1292177580  9.5 58 1027.7
1292177640  9.5 58 1027.7
1292177700  9.5 58 1027.8
1292177820  9.5 58 1027.8
1292177880  9.5 58 1027.7
1292177940  9.5 58 1027.7
1292178000  9.4 58 1027.8
1292178060  9.5 58 1027.7
1292178120  9.5 58 1027.8
1292178180  9.5 58 1027.8
1292178240  9.5 58 1027.8
1292178300  9.5 58 1027.9
1292178360  9.5 58 1027.7
1292178420  9.5 58 1027.8
1292178480  9.5 58 1028.0
1292178540  9.5 58 1028.0
1292178600  9.5 58 1027.9
1292178660  9.4 58 1027.9
1292178720  9.4 58 1027.9
1292178780  9.4 58 1027.9
1292178840  9.4 58 1027.9
1292178900  9.4 58 1028.0
1292178960  9.5 58 1028.0
1292179020  9.5 58 1028.0
1292179080  9.4 58 1028.0
1292179140  9.4 58 1028.0
1292179200  9.4 58 1028.1
1292179260  9.4 58 1028.0
1292179320  9.4 58 1028.0
1292179380  9.4 58 1028.0
1292179440  9.4 58 1028.0
1292179500  9.5 58 1028.1
1292179560  9.4 58 1028.1
1292179620  9.5 58 1028.1
1292179680  9.5 58 1028.1
1292179740  9.4 58 1028.1
1292179800  9.4 58 1028.2
1292179860  9.4 58 1028.0
1292179920  9.4 58 1028.1
1292179980  9.4 58 1028.1
1292180040  9.4 58 1028.1
1292180100  9.4 58 1028.2
1292180160  9.4 58 1028.2
1292180220  9.4 58 1028.1
1292180280  9.4 58 1028.2
1292180340  9.4 58 1028.2
1292180400  9.4 58 1028.2
1292180460  9.4 58 1028.2
1292180520  9.4 58 1028.2
1292180580  9.4 58 1028.2
1292180640  9.4 58 1028.2
1292180700  9.4 58 1028.2
1292180760  9.4 58 1028.2
1292180820  9.4 58 1028.2
1292180880  9.4 58 1028.2
1292180940  9.4 58 1028.2
1292181000  9.4 58 1028.2
1292181060  9.4 58 1028.2
1292181120  9.4 58 1028.2
1292181180  9.4 58 1028.2
1292181240  9.4 58 1028.2
1292181300  9.4 58 1028.1
1292181420  9.4 58 1028.1
1292181480  9.4 58 1028.1
1292181540  9.4 58 1028.0
1292181600  9.4 58 1028.1
1292181720  9.4 58 1028.1
1292181780  9.4 58 1028.1
1292181840  9.4 58 1028.1
1292181900  9.4 58 1028.1
1292181960  9.4 58 1028.2
1292182020  9.4 58 1028.1
1292182080  9.4 58 1028.2
1292182140  9.4 58 1028.1
1292182200  9.4 58 1028.2
1292182260  9.4 58 1028.1
1292182320  9.4 58 1028.1
1292182380  9.4 58 1028.1
1292182440  9.4 58 1028.1
1292182500  9.4 58 1028.1
1292182560  9.4 58 1028.2
1292182620  9.4 58 1028.2
1292182680  9.4 58 1028.2
1292182740  9.4 58 1028.1
1292182800  9.4 58 1028.2
1292182860  9.4 58 1028.2
1292182920  9.4 58 1028.2
1292182980  9.4 58 1028.2
1292183040  9.4 58 1028.2
1292183100  9.4 58 1028.2
1292183160  9.4 58 1028.2
1292183220  9.4 58 1028.2
1292183280  9.4 58 1028.2
1292183340  9.4 58 1028.2
1292183400  9.4 58 1028.2
1292183460  9.4 58 1028.2
1292183520  9.4 58 1028.2
1292183580  9.4 58 1028.2
1292183640  9.4 58 1028.2
1292183700  9.4 58 1028.2
1292183760  9.4 58 1028.2
1292183820  9.4 58 1028.3
1292183880  9.4 58 1028.2
1292183940  9.4 58 1028.3
1292184000  9.4 58 1028.3
1292184060  9.4 58 1028.3
1292184120  9.4 58 1028.3
1292184180  9.4 58 1028.3
1292184240  9.4 58 1028.3
1292184300  9.4 58 1028.3
1292184360  9.4 58 1028.2
1292184420  9.4 58 1028.3
1292184480  9.4 58 1028.3
1292184540  9.4 58 1028.3
1292184600  9.4 58 1028.3
1292184660  9.4 58 1028.3
1292184720  9.4 58 1028.4
1292184780  9.4 58 1028.4
1292184840  9.4 58 1028.4
1292184900  9.4 58 1028.4
1292185020  9.4 58 1028.4
1292185080  9.4 58 1028.3
1292185140  9.4 58 1028.3
1292185200  9.4 58 1028.3
1292185260  9.4 58 1028.2
1292185320  9.4 58 1028.3
1292185380  9.4 58 1028.2
1292185500  9.4 58 1028.3
1292185560  9.4 58 1028.3
1292185620  9.4 58 1028.4
1292185680  9.4 58 1028.3
1292185740  9.4 58 1028.3
1292185800  9.4 58 1028.4
1292185860  9.4 58 1028.4
1292185920  9.4 58 1028.4
1292185980  9.4 58 1028.4
1292186040  9.4 58 1028.4
1292186100  9.4 58 1028.4
1292186160  9.4 58 1028.4
1292186220  9.4 58 1028.4
1292186280  9.4 58 1028.3
1292186340  9.4 58 1028.4
1292186400  9.4 58 1028.4
1292186460  9.4 58 1028.4
1292186520  9.4 58 1028.4
1292186580  9.4 58 1028.4
1292186640  9.4 58 1028.4
1292186700  9.4 58 1028.5
1292186760  9.4 58 1028.5
1292186820  9.4 58 1028.5
1292186880  9.4 58 1028.5
1292186940  9.4 58 1028.5
1292187000  9.4 58 1028.5
1292187060  9.4 58 1028.4
1292187120  9.4 58 1028.4
1292187180  9.4 58 1028.5
1292187240  9.4 58 1028.5
1292187300  9.4 58 1028.5
1292187360  9.4 58 1028.5
1292187420  9.4 58 1028.4
1292187480  9.4 58 1028.4
1292187540  9.4 58 1028.5
1292187600  9.4 58 1028.5
1292187660  9.4 58 1028.5
1292187720  9.4 58 1028.6
1292187780  9.4 58 1028.5
1292187840  9.4 58 1028.5
1292187900  9.4 58 1028.5
1292187960  9.4 58 1028.5
1292188020  9.4 58 1028.5
1292188080  9.4 58 1028.5
1292188140  9.4 58 1028.6
1292188200  9.4 58 1028.7
1292188260  9.4 58 1028.7
1292188320  9.4 58 1028.7
1292188380  9.4 58 1028.7
1292188440  9.4 58 1028.7
1292188500  9.4 58 1028.7
1292188560  9.4 58 1028.7
1292188680  9.4 58 1028.7
1292188740  9.4 58 1028.6
1292188800  9.4 58 1028.6
1292188860  9.4 58 1028.6
1292188920  9.4 58 1028.6
1292188980  9.4 58 1028.7
1292189040  9.4 58 1028.7
1292189100  9.4 58 1028.6
1292189160  9.4 58 1028.6
1292189220  9.4 58 1028.8
1292189280  9.4 58 1028.8
1292189340  9.4 58 1028.7
1292189400  9.4 58 1028.8
1292189460  9.4 58 1028.8
1292189520  9.4 58 1028.7
1292189580  9.4 58 1028.7
1292189640  9.4 58 1028.7
1292189700  9.4 58 1028.7
1292189760  9.4 58 1028.7
1292189880  9.4 58 1028.7
1292189940  9.4 58 1028.7
1292190000  9.4 58 1028.8
1292190060  9.4 58 1028.8
1292190120  9.4 58 1028.8
1292190180  9.4 58 1028.8
1292190240  9.4 58 1028.8
1292190300  9.4 58 1028.8
1292190360  9.4 58 1028.8
1292190420  9.3 58 1028.8
1292190480  9.4 58 1028.7
1292190540  9.3 58 1028.7
1292190600  9.3 58 1028.8
1292190660  9.3 58 1028.7
1292190720  9.4 58 1028.6
1292190780  9.3 58 1028.7
1292190840  9.3 58 1028.7
1292190900  9.4 58 1028.7
1292190960  9.4 58 1028.7
1292191020  9.3 58 1028.7
1292191080  9.4 58 1028.7
1292191140  9.4 58 1028.7
1292191200  9.4 58 1028.7
1292191260  9.3 58 1028.8
1292191320  9.3 58 1028.8
1292191380  9.3 58 1028.7
1292191440  9.3 58 1028.7
1292191500  9.3 58 1028.7
1292191560  9.3 58 1028.7
1292191620  9.3 58 1028.7
1292191680  9.3 58 1028.7
1292191740  9.3 58 1028.6
1292191800  9.3 58 1028.6
1292191860  9.3 58 1028.6
1292191920  9.3 58 1028.7
1292191980  9.3 58 1028.6
1292192040  9.3 58 1028.6
1292192100  9.3 58 1028.6
1292192160  9.3 58 1028.6
1292192220  9.3 58 1028.7
1292192280  9.3 58 1028.7
1292192340  9.3 58 1028.6
1292192400  9.3 58 1028.6
1292192460  9.3 58 1028.6
1292192520  9.3 58 1028.7
1292192580  9.3 58 1028.6
1292192640  9.3 58 1028.7
1292192700  9.3 58 1028.8
1292192760  9.3 58 1028.8
1292192820  9.4 58 1028.8
1292192880  9.3 58 1028.6
1292192940  9.3 58 1028.5
1292193000  9.3 58 1028.6
1292193060  9.3 58 1028.6
1292193120  9.3 58 1028.6
1292193180  9.3 58 1028.6
1292193240  9.3 58 1028.6
1292193300  9.3 58 1028.6
1292193360  9.3 58 1028.6
1292193420  9.3 58 1028.6
1292193480  9.3 58 1028.6
1292193540  9.3 58 1028.7
1292193600  9.3 58 1028.6
1292193660  9.3 58 1028.6
1292193720  9.3 58 1028.6
1292193840  9.3 58 1028.5
1292193900  9.3 58 1028.6
1292193960  9.3 58 1028.6
1292194080  9.3 58 1028.6
1292194140  9.3 58 1028.6
1292194200  9.3 58 1028.7
1292194260  9.3 58 1028.6
1292194320  9.3 58 1028.6
1292194380  9.3 58 1028.5
1292194440  9.3 58 1028.5
1292194500  9.3 58 1028.7
1292194560  9.3 58 1028.7
1292194620  9.3 58 1028.7
1292194680  9.3 58 1028.6
1292194740  9.3 58 1028.6
1292194800  9.3 58 1028.6
1292194860  9.3 58 1028.7
1292194920  9.3 58 1028.7
1292194980  9.3 58 1028.7
1292195040  9.3 58 1028.7
1292195100  9.3 58 1028.7
1292195160  9.3 58 1028.8
1292195220  9.3 58 1028.7
1292195280  9.3 58 1028.7
1292195340  9.3 58 1028.7
1292195400  9.3 58 1028.7
1292195460  9.3 58 1028.7
1292195520  9.3 58 1028.8
1292195580  9.3 58 1028.8
1292195640  9.3 58 1028.8
1292195700  9.3 58 1028.8
1292195760  9.3 58 1028.8
1292195820  9.3 58 1028.8
1292195880  9.3 58 1028.8
1292195940  9.3 58 1028.8
1292196000  9.3 58 1028.7
1292196060  9.3 58 1028.8
1292196120  9.3 58 1028.7
1292196180  9.3 58 1028.7
1292196240  9.3 58 1028.8
1292196300  9.3 58 1028.7
1292196360  9.3 58 1028.8
1292196420  9.3 58 1028.8
1292196480  9.3 58 1028.8
1292196540  9.3 58 1028.8
1292196600  9.3 58 1028.9
1292196660  9.3 58 1028.7
1292196720  9.3 58 1028.8
1292196780  9.3 58 1028.9
1292196840  9.3 58 1028.9
1292196900  9.3 58 1028.9
1292196960  9.3 58 1028.8
1292197020  9.3 58 1028.8
1292197080  9.3 58 1028.8
1292197140  9.3 58 1028.8
1292197200  9.3 58 1028.8
1292197260  9.3 58 1028.7
1292197320  9.3 58 1028.7
1292197380  9.3 58 1028.7
1292197440  9.3 58 1028.8
1292197500  9.3 58 1028.7
1292197560  9.3 58 1028.7
1292197620  9.3 58 1028.8
1292197680  9.3 58 1028.8
1292197740  9.3 58 1028.8
1292197800  9.3 58 1028.6
1292197860  9.3 58 1028.6
1292197920  9.3 58 1028.6
1292197980  9.3 58 1028.6
1292198040  9.3 58 1028.6
1292198100  9.3 58 1028.7
1292198160  9.3 58 1028.6
1292198220  9.3 58 1028.6
1292198280  9.3 58 1028.6
1292198340  9.3 58 1028.6
