1291680000  7.3 55 1006.6
1291680060  7.3 55 1006.7
1291680120  7.3 55 1006.6
1291680180  7.3 55 1006.7
1291680240  7.3 55 1006.8
1291680300  7.3 55 1006.8
1291680360  7.3 55 1006.8
1291680420  7.3 55 1006.6
1291680480  7.3 55 1006.6
1291680540  7.3 55 1006.7
1291680600  7.3 55 1006.6
1291680660  7.3 55 1006.6
1291680720  7.3 55 1006.7
1291680780  7.3 55 1006.6
1291680840  7.3 55 1006.7
1291680900  7.3 55 1006.7
1291680960  7.3 55 1006.7
1291681020  7.3 55 1006.6
1291681080  7.3 55 1006.6
1291681140  7.3 55 1006.5
1291681200  7.3 55 1006.5
1291681260  7.3 55 1006.6
1291681320  7.3 55 1006.7
1291681380  7.3 55 1006.6
1291681440  7.3 55 1006.6
1291681500  7.3 55 1006.6
1291681560  7.3 55 1006.6
1291681620  7.3 55 1006.6
1291681680  7.3 55 1006.6
1291681740  7.3 55 1006.6
1291681800  7.3 55 1006.6
1291681860  7.3 55 1006.6
1291681920  7.3 55 1006.6
1291681980  7.3 55 1006.6
1291682040  7.3 55 1006.6
1291682100  7.3 55 1006.6
1291682160  7.3 55 1006.6
1291682220  7.3 55 1006.7
1291682280  7.3 55 1006.6
1291682340  7.3 55 1006.6
1291682400  7.3 55 1006.6
1291682460  7.3 55 1006.6
1291682520  7.3 55 1006.6
1291682580  7.3 55 1006.6
1291682640  7.3 55 1006.6
1291682700  7.3 55 1006.6
1291682760  7.3 55 1006.6
1291682820  7.3 55 1006.6
1291682880  7.2 55 1006.6
1291682940  7.3 55 1006.5
1291683000  7.3 55 1006.5
1291683060  7.3 55 1006.6
1291683120  7.2 55 1006.6
1291683240  7.2 55 1006.5
1291683300  7.2 55 1006.5
1291683360  7.2 55 1006.5
1291683420  7.2 55 1006.6
1291683480  7.3 55 1006.6
1291683540  7.2 55 1006.6
1291683600  7.2 55 1006.6
1291683660  7.2 55 1006.6
1291683720  7.3 55 1006.6
1291683780  7.3 55 1006.6
1291683840  7.2 55 1006.5
1291683900  7.2 55 1006.5
1291683960  7.2 55 1006.5
1291684020  7.2 55 1006.6
1291684080  7.2 55 1006.6
1291684140  7.2 55 1006.6
1291684200  7.2 55 1006.6
1291684260  7.2 55 1006.6
1291684320  7.2 55 1006.6
1291684380  7.2 55 1006.5
1291684440  7.2 55 1006.6
1291684500  7.2 55 1006.6
1291684560  7.2 55 1006.6
1291684620  7.2 55 1006.6
1291684680  7.2 55 1006.6
1291684740  7.2 55 1006.6
1291684800  7.2 55 1006.7
1291684860  7.2 55 1006.6
1291684920  7.2 55 1006.7
1291684980  7.2 55 1006.7
1291685040  7.2 55 1006.7
1291685100  7.2 55 1006.7
1291685160  7.2 55 1006.7
1291685220  7.2 55 1006.7
1291685280  7.2 55 1006.7
1291685340  7.2 55 1006.7
1291685400  7.2 55 1006.6
1291685460  7.2 55 1006.6
1291685520  7.2 55 1006.6
1291685580  7.2 55 1006.6
1291685640  7.2 55 1006.6
1291685700  7.2 55 1006.7
1291685760  7.2 55 1006.7
1291685820  7.2 55 1006.7
1291685880  7.2 55 1006.7
1291685940  7.2 55 1006.7
1291686000  7.2 55 1006.7
1291686060  7.2 55 1006.6
1291686120  7.2 55 1006.6
1291686180  7.2 55 1006.6
1291686240  7.2 55 1006.7
1291686300  7.2 55 1006.7
1291686360  7.2 55 1006.7
1291686420  7.2 55 1006.7
1291686480  7.2 55 1006.7
1291686540  7.2 55 1006.7
1291686600  7.2 55 1006.8
1291686660  7.2 55 1006.7
1291686720  7.2 55 1006.8
1291686780  7.2 55 1006.8
1291686840  7.2 55 1006.8
1291686900  7.2 55 1006.8
1291686960  7.2 55 1006.8
1291687020  7.2 55 1006.9
1291687080  7.2 55 1006.9
1291687140  7.2 55 1007.0
1291687200  7.2 55 1007.0
1291687260  7.2 55 1007.0
1291687320  7.2 55 1007.0
1291687380  7.2 55 1007.1
1291687440  7.2 55 1007.0
1291687500  7.2 55 1007.0
1291687560  7.2 55 1007.0
1291687620  7.2 55 1007.1
1291687680  7.2 55 1007.1
1291687740  7.2 55 1007.1
1291687800  7.2 55 1007.1
1291687860  7.2 55 1007.1
1291687920  7.2 55 1007.0
1291687980  7.2 55 1007.0
1291688040  7.2 55 1007.1
1291688100  7.2 55 1007.0
1291688160  7.2 55 1007.0
1291688220  7.2 55 1007.0
1291688280  7.2 55 1007.0
1291688340  7.2 55 1007.1
1291688400  7.2 55 1007.0
1291688460  7.2 55 1007.0
1291688520  7.2 55 1007.1
1291688580  7.2 55 1007.0
1291688640  7.2 55 1007.1
1291688700  7.2 55 1007.0
1291688760  7.2 55 1007.0
1291688820  7.2 55 1007.0
1291688880  7.2 55 1007.0
1291688940  7.2 55 1007.0
1291689000  7.2 55 1007.0
1291689060  7.2 55 1007.1
1291689120  7.2 55 1007.1
1291689180  7.2 55 1007.1
1291689240  7.2 55 1007.1
1291689300  7.2 55 1007.1
1291689360  7.2 55 1007.1
1291689420  7.2 55 1007.1
1291689480  7.2 55 1007.1
1291689540  7.2 55 1007.1
1291689600  7.2 55 1007.1
1291689660  7.2 55 1007.1
1291689720  7.2 55 1007.1
1291689780  7.2 55 1007.2
1291689840  7.2 55 1007.1
1291689900  7.2 55 1007.1
1291689960  7.2 55 1007.1
1291690020  7.2 55 1007.1
1291690080  7.2 55 1007.1
1291690140  7.2 55 1007.1
1291690200  7.2 55 1007.1
1291690260  7.2 55 1007.1
1291690320  7.2 55 1007.1
1291690380  7.2 55 1007.1
1291690440  7.2 55 1007.1
1291690500  7.2 55 1007.1
1291690560  7.2 55 1007.1
1291690620  7.2 55 1007.2
1291690680  7.2 55 1007.2
1291690740  7.2 55 1007.2
1291690800  7.2 55 1007.2
1291690860  7.2 55 1007.1
1291690920  7.2 55 1007.1
1291690980  7.2 55 1007.1
1291691040  7.2 55 1007.1
1291691100  7.2 55 1007.0
1291691160  7.2 55 1007.0
1291691220  7.2 55 1007.0
1291691280  7.2 55 1007.0
1291691340  7.2 55 1007.0
1291691400  7.2 55 1007.0
1291691460  7.2 55 1007.0
1291691520  7.2 55 1007.1
1291691580  7.2 54 1007.1
1291691640  7.1 55 1007.0
1291691700  7.1 55 1007.0
1291691760  7.2 55 1007.0
1291691820  7.2 55 1007.0
1291691880  7.2 55 1007.0
1291691940  7.2 55 1007.0
1291692000  7.2 55 1007.0
1291692060  7.1 55 1007.0
1291692120  7.2 55 1007.0
1291692240  7.2 55 1007.0
1291692300  7.2 55 1006.9
1291692360  7.2 55 1007.0
1291692420  7.2 54 1006.9
1291692480  7.2 54 1006.9
1291692540  7.2 55 1006.9
1291692600  7.2 55 1006.9
1291692660  7.2 55 1007.0
1291692720  7.2 54 1006.9
1291692780  7.1 55 1006.9
1291692840  7.1 55 1007.0
1291692900  7.2 55 1006.9
1291692960  7.1 54 1007.0
1291693020  7.1 55 1006.9
1291693080  7.1 55 1006.9
1291693140  7.1 55 1006.9
1291693200  7.1 55 1007.0
1291693260  7.1 54 1006.9
1291693320  7.1 55 1007.0
1291693380  7.1 54 1006.8
1291693440  7.2 54 1007.0
1291693500  7.1 54 1007.0
1291693560  7.1 54 1006.9
1291693620  7.1 54 1006.9
1291693680  7.1 54 1006.9
1291693740  7.1 54 1006.9
1291693800  7.1 54 1006.9
1291693860  7.1 55 1006.9
1291693920  7.1 54 1007.0
1291693980  7.1 54 1006.9
1291694040  7.1 55 1006.9
1291694100  7.1 54 1006.9
1291694160  7.1 54 1007.0
1291694220  7.1 54 1006.9
1291694280  7.1 54 1006.9
1291694340  7.1 54 1006.9
1291694400  7.1 54 1007.0
1291694460  7.1 54 1007.0
1291694520  7.1 54 1007.0
1291694580  7.1 54 1007.0
1291694640  7.1 54 1007.0
1291694700  7.1 54 1007.0
1291694760  7.1 54 1007.0
1291694820  7.1 54 1007.0
1291694880  7.1 54 1007.0
1291694940  7.1 54 1007.0
1291695000  7.1 54 1007.0
1291695060  7.1 54 1007.0
1291695120  7.1 54 1007.0
1291695180  7.1 54 1007.0
1291695240  7.1 54 1007.0
1291695300  7.1 54 1007.1
1291695360  7.1 54 1007.1
1291695420  7.1 54 1007.1
1291695480  7.1 54 1007.1
1291695540  7.1 54 1007.1
1291695600  7.1 54 1007.1
1291695660  7.1 54 1007.0
1291695720  7.1 54 1007.1
1291695780  7.1 54 1007.1
1291695840  7.1 54 1007.1
1291695900  7.1 54 1007.1
1291695960  7.1 54 1007.0
1291696020  7.0 54 1007.1
1291696080  7.0 54 1007.1
1291696140  7.0 54 1007.1
1291696200  7.1 54 1007.1
1291696260  7.0 54 1007.1
1291696320  7.1 54 1007.1
1291696380  7.0 54 1007.1
1291696440  7.0 54 1007.1
1291696500  7.0 54 1007.1
1291696560  7.0 54 1007.0
1291696620  7.0 54 1007.0
1291696680  7.0 54 1007.0
1291696740  7.0 54 1007.0
1291696800  7.0 54 1007.0
1291696860  7.0 54 1007.1
1291696920  7.0 54 1007.1
1291696980  7.0 54 1007.0
1291697040  7.0 54 1007.0
1291697100  7.0 54 1006.9
1291697160  7.0 54 1006.9
1291697220  7.0 54 1006.9
1291697280  7.0 54 1006.9
1291697340  7.0 54 1006.9
1291697400  7.0 54 1006.9
1291697460  7.0 54 1006.9
1291697520  7.0 54 1007.0
1291697580  7.0 54 1007.0
1291697640  7.0 54 1007.1
1291697700  7.0 54 1007.1
1291697760  7.0 54 1007.1
1291697820  7.0 54 1007.1
1291697880  7.0 54 1007.0
1291697940  7.0 54 1007.0
1291698000  7.0 54 1007.0
1291698060  7.0 54 1007.0
1291698120  7.0 54 1007.0
1291698180  7.0 54 1007.0
1291698240  7.0 54 1007.0
1291698300  7.0 54 1007.0
1291698360  7.0 54 1007.0
1291698420  7.0 54 1007.0
1291698480  7.0 54 1007.0
1291698540  7.0 54 1007.0
1291698600  7.0 54 1007.0
1291698660  7.0 54 1007.0
1291698720  7.0 54 1007.0
1291698780  7.0 54 1007.0
1291698840  7.0 54 1007.0
1291698900  7.0 54 1007.1
1291698960  7.0 54 1007.1
1291699020  7.0 54 1007.1
1291699080  7.0 54 1007.1
1291699140  7.0 54 1007.1
1291699200  7.0 54 1007.1
1291699260  7.0 54 1007.1
1291699320  7.0 54 1007.2
1291699380  7.0 54 1007.1
1291699440  7.0 54 1007.1
1291699500  7.0 54 1007.1
1291699560  7.0 54 1007.2
1291699620  7.0 54 1007.3
1291699680  7.0 54 1007.3
1291699740  7.0 54 1007.4
1291699800  7.0 54 1007.4
1291699860  7.0 54 1007.4
1291699920  7.0 54 1007.4
1291699980  7.0 54 1007.4
1291700040  7.0 54 1007.3
1291700100  7.0 54 1007.4
1291700160  7.0 54 1007.5
1291700220  7.0 54 1007.4
1291700280  7.0 54 1007.4
1291700340  7.0 54 1007.4
1291700400  7.0 54 1007.4
1291700460  7.0 54 1007.4
1291700520  6.9 54 1007.4
1291700580  6.9 54 1007.4
1291700640  7.0 54 1007.4
1291700700  6.9 54 1007.4
1291700760  6.9 54 1007.3
1291700820  6.9 54 1007.4
1291700880  6.9 54 1007.4
1291700940  7.0 54 1007.5
1291701000  6.9 54 1007.5
1291701060  6.9 54 1007.5
1291701120  6.9 54 1007.4
1291701180  6.9 54 1007.4
1291701240  6.9 54 1007.4
1291701300  6.9 54 1007.4
1291701360  6.9 54 1007.4
1291701420  6.9 54 1007.3
1291701480  6.9 54 1007.4
1291701540  6.9 54 1007.3
1291701600  6.9 54 1007.3
1291701660  6.9 54 1007.3
1291701720  6.9 54 1007.4
1291701780  6.9 54 1007.3
1291701840  6.9 54 1007.3
1291701900  6.9 54 1007.3
1291701960  6.9 54 1007.3
1291702020  6.9 54 1007.3
1291702080  6.9 54 1007.3
1291702140  6.9 54 1007.4
1291702200  6.9 54 1007.4
1291702260  6.9 54 1007.4
1291702320  6.9 54 1007.5
1291702380  6.9 54 1007.4
1291702440  6.9 54 1007.5
1291702500  6.9 54 1007.3
1291702560  6.9 54 1007.3
1291702620  6.9 54 1007.5
1291702680  6.9 54 1007.7
1291702740  6.9 54 1007.7
1291702800  6.9 54 1007.7
1291702860  6.9 54 1007.7
1291702920  6.9 54 1007.5
1291702980  6.9 54 1007.4
1291703040  6.9 54 1007.5
1291703100  6.9 54 1007.5
1291703160  6.9 54 1007.5
1291703220  6.9 54 1007.3
1291703280  6.9 54 1007.4
1291703340  6.9 54 1007.3
1291703400  6.9 54 1007.4
1291703460  6.9 54 1007.4
1291703520  6.9 54 1007.4
1291703580  6.9 54 1007.5
1291703640  6.9 54 1007.4
1291703700  6.9 54 1007.3
1291703760  6.9 54 1007.3
1291703820  6.9 54 1007.3
1291703880  6.9 54 1007.3
1291703940  6.9 54 1007.2
1291704000  6.9 54 1007.6
1291704060  6.9 54 1007.6
1291704120  6.9 54 1007.3
1291704180  6.9 54 1007.3
1291704240  6.9 54 1007.4
1291704300  6.9 54 1007.5
1291704360  6.8 54 1007.5
1291704420  6.9 54 1007.5
1291704480  6.8 54 1007.6
1291704540  6.9 54 1007.6
1291704600  6.9 54 1007.6
1291704660  6.9 54 1007.6
1291704720  6.8 54 1007.6
1291704780  6.8 54 1007.6
1291704840  6.9 54 1007.7
1291704900  6.8 54 1007.7
1291704960  6.8 54 1007.7
1291705020  6.8 54 1007.7
1291705080  6.9 54 1007.7
1291705140  6.8 54 1007.8
1291705200  6.8 54 1007.8
1291705260  6.8 54 1007.8
1291705320  6.8 54 1007.8
1291705380  6.8 54 1007.7
1291705440  6.8 54 1007.7
1291705500  6.8 54 1007.7
1291705560  6.8 54 1007.7
1291705620  6.8 54 1007.8
1291705680  6.8 54 1007.7
1291705740  6.8 54 1007.8
1291705800  6.8 54 1007.7
1291705860  6.8 54 1007.7
1291705920  6.8 54 1007.7
1291705980  6.8 54 1007.7
1291706040  6.8 54 1007.8
1291706100  6.8 54 1007.8
1291706160  6.8 54 1007.7
1291706220  6.8 54 1007.7
1291706280  6.8 54 1007.7
1291706340  6.8 54 1007.7
1291706400  6.8 54 1007.7
1291706460  6.8 54 1007.7
1291706520  6.8 54 1007.7
1291706580  6.8 54 1007.7
1291706640  6.8 54 1007.7
1291706700  6.8 54 1007.7
1291706760  6.8 54 1007.7
1291706820  6.8 54 1007.7
1291706880  6.8 54 1007.7
1291706940  6.8 54 1007.7
1291707000  6.8 54 1007.7
1291707060  6.8 54 1007.7
1291707120  6.8 54 1007.7
1291707180  6.8 54 1007.7
1291707240  6.8 54 1007.7
1291707300  6.8 54 1007.7
1291707360  6.8 54 1007.7
1291707420  6.8 54 1007.8
1291707480  6.8 54 1007.7
1291707540  6.8 54 1007.7
1291707600  6.8 54 1007.7
1291707660  6.8 54 1007.8
1291707720  6.8 54 1007.7
1291707780  6.8 54 1007.7
1291707840  6.8 54 1007.7
1291707900  6.8 54 1007.7
1291707960  6.8 54 1007.8
1291708020  6.8 54 1007.8
1291708080  6.8 54 1007.8
1291708140  6.8 54 1007.9
1291708200  6.8 54 1007.9
1291708260  6.8 54 1007.9
1291708320  6.8 54 1008.0
1291708380  6.8 54 1008.0
1291708440  6.8 54 1008.1
1291708500  6.8 54 1008.1
1291708560  6.8 54 1008.1
1291708620  6.8 54 1008.1
1291708680  6.8 54 1008.2
1291708740  6.8 54 1008.1
1291708800  6.8 54 1008.2
1291708860  6.8 54 1008.2
1291708920  6.8 54 1008.2
1291708980  6.8 54 1008.2
1291709040  6.7 54 1008.2
1291709100  6.7 54 1008.3
1291709160  6.7 54 1008.3
1291709220  6.8 54 1008.4
1291709280  6.7 54 1008.4
1291709340  6.8 54 1008.6
1291709400  6.7 54 1008.4
1291709460  6.8 54 1008.4
1291709520  6.8 54 1008.3
1291709580  6.8 54 1008.3
1291709640  6.7 54 1008.3
1291709700  6.8 54 1008.3
1291709760  6.7 54 1008.4
1291709820  6.8 54 1008.4
1291709880  6.7 54 1008.5
1291709940  6.7 54 1008.4
1291710000  6.7 54 1008.5
1291710060  6.7 54 1008.5
1291710120  6.7 54 1008.6
1291710180  6.7 54 1008.6
1291710240  6.7 54 1008.6
1291710300  6.7 54 1008.7
1291710360  6.8 54 1008.5
1291710420  6.8 54 1008.6
1291710480  6.7 54 1008.6
1291710540  6.8 54 1008.6
1291710600  6.7 54 1008.6
1291710660  6.7 54 1008.6
1291710720  6.7 54 1008.7
1291710780  6.7 54 1008.7
1291710840  6.7 54 1008.7
1291710900  6.7 54 1008.6
1291710960  6.7 54 1008.7
1291711020  6.7 54 1008.6
1291711080  6.7 54 1008.4
1291711140  6.7 54 1008.5
1291711200  6.7 54 1008.5
1291711260  6.7 54 1008.6
1291711320  6.7 54 1008.6
1291711380  6.7 54 1008.6
1291711440  6.7 54 1008.6
1291711500  6.7 54 1008.5
1291711560  6.7 54 1008.5
1291711620  6.7 54 1008.4
1291711680  6.7 54 1008.4
1291711800  6.7 54 1008.6
1291711860  6.7 54 1008.7
1291711920  6.7 54 1008.6
1291711980  6.7 54 1008.6
1291712040  6.7 54 1008.6
1291712100  6.7 54 1008.5
1291712160  6.7 54 1008.5
1291712220  6.7 54 1008.6
1291712280  6.7 54 1008.6
1291712340  6.7 54 1008.6
1291712400  6.7 54 1008.4
1291712460  6.7 54 1008.5
1291712520  6.7 54 1008.4
1291712580  6.7 54 1008.4
1291712640  6.7 54 1008.4
1291712700  6.7 54 1008.5
1291712760  6.6 54 1008.6
1291712820  6.6 54 1008.6
1291712880  6.7 54 1008.5
1291712940  6.7 54 1008.6
1291713000  6.6 54 1008.7
1291713060  6.6 54 1008.6
1291713120  6.6 54 1008.6
1291713180  6.6 54 1008.6
1291713240  6.6 54 1008.6
1291713300  6.7 53 1008.6
1291713360  6.6 54 1008.7
1291713420  6.6 54 1008.6
1291713480  6.6 54 1008.7
1291713540  6.6 54 1008.7
1291713600  6.6 54 1008.6
1291713660  6.6 54 1008.7
1291713720  6.6 54 1008.8
1291713780  6.6 54 1008.8
1291713840  6.6 54 1008.8
1291713900  6.6 54 1008.7
1291713960  6.6 54 1008.7
1291714020  6.6 54 1008.7
1291714080  6.6 54 1008.7
1291714140  6.6 54 1008.7
1291714200  6.7 54 1008.7
1291714260  6.6 53 1008.8
1291714320  6.6 54 1008.7
1291714380  6.6 54 1008.7
1291714440  6.6 54 1008.7
1291714500  6.6 54 1008.6
1291714560  6.6 54 1008.7
1291714620  6.6 54 1008.8
1291714680  6.6 54 1008.8
1291714740  6.6 54 1008.7
1291714800  6.6 54 1008.8
1291714860  6.6 54 1008.7
1291714920  6.6 54 1008.8
1291714980  6.6 54 1008.8
1291715040  6.6 54 1008.8
1291715100  6.6 54 1008.8
1291715160  6.6 53 1008.8
1291715220  6.6 54 1008.8
1291715280  6.6 54 1008.8
1291715340  6.6 54 1008.8
1291715400  6.6 54 1008.8
1291715460  6.6 54 1008.8
1291715520  6.6 54 1008.9
1291715580  6.6 54 1008.9
1291715640  6.6 54 1008.9
1291715700  6.6 54 1008.9
1291715760  6.6 54 1008.9
1291715820  6.6 54 1008.9
1291715880  6.6 54 1008.8
1291715940  6.6 54 1008.9
1291716000  6.6 54 1008.9
1291716060  6.6 54 1008.9
1291716120  6.6 54 1008.9
1291716180  6.6 54 1008.9
1291716240  6.6 54 1008.9
1291716300  6.6 54 1008.8
1291716360  6.6 54 1008.8
1291716420  6.6 54 1008.8
1291716480  6.6 54 1008.9
1291716540  6.6 54 1008.9
1291716600  6.6 54 1008.9
1291716660  6.6 54 1009.0
1291716720  6.6 54 1008.9
1291716780  6.6 54 1008.9
1291716840  6.6 54 1008.9
1291716900  6.6 54 1009.0
1291716960  6.6 54 1008.9
1291717020  6.6 54 1008.9
1291717080  6.6 54 1008.8
1291717140  6.6 54 1008.9
1291717200  6.6 54 1008.9
1291717260  6.6 54 1008.9
1291717320  6.6 54 1008.8
1291717380  6.6 54 1008.8
1291717440  6.6 54 1008.8
1291717500  6.6 54 1008.8
1291717560  6.6 54 1008.8
1291717620  6.6 54 1008.8
1291717680  6.6 54 1008.8
1291717740  6.6 54 1008.8
1291717800  6.6 54 1008.8
1291717860  6.6 53 1008.9
1291717920  6.6 54 1008.9
1291717980  6.6 54 1008.8
1291718040  6.7 54 1008.8
1291718100  6.7 54 1008.8
1291718160  6.7 54 1008.8
1291718220  6.7 54 1008.8
1291718280  6.7 54 1008.8
1291718340  6.7 54 1008.8
1291718400  6.7 54 1008.8
1291718460  6.7 54 1008.8
1291718520  6.7 54 1008.8
1291718580  6.7 54 1008.8
1291718640  6.7 54 1008.7
1291718700  6.8 54 1008.8
1291718760  6.8 54 1008.8
1291718820  6.8 54 1008.8
1291718880  6.8 54 1008.8
1291718940  6.8 54 1008.9
1291719000  6.8 54 1008.9
1291719060  6.8 54 1008.9
1291719120  6.8 54 1008.9
1291719180  6.8 54 1009.0
1291719240  6.8 54 1008.9
1291719300  6.8 54 1008.9
1291719360  6.8 54 1008.9
1291719420  6.8 54 1009.0
1291719540  6.8 54 1009.0
1291719600  6.8 54 1009.0
1291719660  6.8 54 1008.8
1291719720  6.8 54 1009.0
1291719780  6.8 54 1009.0
1291719840  6.8 54 1009.1
1291719900  6.8 54 1009.1
1291719960  6.8 54 1009.1
1291720020  6.8 54 1008.9
1291720080  6.8 54 1009.0
1291720140  6.8 54 1009.0
1291720200  6.8 54 1008.9
1291720260  6.8 54 1008.9
1291720320  6.9 54 1008.9
1291720380  6.9 54 1008.9
1291720440  6.9 54 1008.8
1291720500  6.9 54 1008.8
1291720560  6.9 54 1008.8
1291720620  6.9 54 1008.7
1291720680  6.9 54 1008.6
1291720740  6.9 54 1008.7
1291720800  6.9 54 1008.8
1291720860  6.9 54 1008.7
1291720920  6.9 54 1008.7
1291720980  6.9 54 1008.7
1291721040  6.9 54 1008.7
1291721100  6.9 54 1008.7
1291721160  6.9 54 1008.7
1291721220  6.9 54 1008.6
1291721280  6.9 54 1008.7
1291721340  6.9 54 1008.7
1291721400  6.9 54 1008.6
1291721460  6.9 53 1008.7
1291721520  6.9 53 1008.7
1291721580  6.9 53 1008.7
1291721640  6.9 54 1008.7
1291721700  6.9 54 1008.7
1291721760  6.9 54 1008.7
1291721820  6.9 54 1008.7
1291721880  6.9 54 1008.6
1291721940  6.9 54 1008.6
1291722000  6.9 54 1008.6
1291722060  6.9 54 1008.6
1291722120  6.9 54 1008.6
1291722180  6.9 54 1008.6
1291722240  6.9 54 1008.5
1291722300  6.9 54 1008.5
1291722360  6.9 54 1008.5
1291722420  6.9 53 1008.5
1291722480  6.9 53 1008.5
1291722540  6.9 54 1008.5
1291722600  7.0 54 1008.5
1291722660  6.9 54 1008.5
1291722720  7.0 54 1008.5
1291722780  7.0 54 1008.4
1291722840  6.9 54 1008.5
1291722900  7.0 54 1008.5
1291722960  7.0 54 1008.5
1291723020  7.0 54 1008.2
1291723080  7.0 54 1008.3
1291723140  7.0 54 1008.3
1291723200  7.0 54 1008.3
1291723260  7.0 54 1008.2
1291723320  7.0 54 1008.2
1291723380  7.0 54 1008.2
1291723440  7.0 54 1008.2
1291723500  7.0 54 1008.2
1291723560  7.0 54 1008.2
1291723620  7.0 54 1008.2
1291723680  7.0 54 1008.2
1291723740  7.0 54 1008.2
1291723800  7.0 54 1008.2
1291723860  7.1 54 1008.2
1291723920  7.1 54 1008.3
1291723980  7.1 54 1008.3
1291724040  7.1 54 1008.3
1291724100  7.1 54 1008.3
1291724160  7.1 54 1008.3
1291724220  7.1 54 1008.3
1291724280  7.1 54 1008.2
1291724340  7.1 54 1008.3
1291724400  7.1 54 1008.3
1291724460  7.2 54 1008.3
1291724520  7.2 54 1008.3
1291724580  7.2 54 1008.3
1291724640  7.2 54 1008.3
1291724700  7.2 54 1008.3
1291724760  7.2 54 1008.3
1291724820  7.2 54 1008.3
1291724880  7.2 54 1008.2
1291724940  7.2 54 1008.2
1291725000  7.2 54 1008.2
1291725060  7.2 54 1008.2
1291725120  7.2 54 1008.2
1291725180  7.2 54 1008.3
1291725240  7.2 54 1008.3
1291725300  7.2 54 1008.3
1291725360  7.2 54 1008.3
1291725420  7.2 54 1008.2
1291725480  7.2 54 1008.3
1291725540  7.2 54 1008.2
1291725600  7.2 54 1008.2
1291725660  7.3 54 1008.1
1291725720  7.2 54 1008.1
1291725780  7.3 54 1008.1
1291725840  7.3 54 1008.1
1291725900  7.3 54 1008.1
1291725960  7.3 54 1008.1
1291726020  7.3 54 1008.1
1291726080  7.3 54 1008.2
1291726140  7.3 54 1008.1
1291726200  7.4 54 1008.1
1291726260  7.4 54 1008.1
1291726320  7.4 54 1008.1
1291726380  7.4 54 1008.0
1291726440  7.4 54 1008.0
1291726500  7.4 54 1008.0
1291726560  7.4 54 1008.0
1291726620  7.4 54 1008.1
1291726680  7.4 54 1008.0
1291726740  7.4 54 1008.0
1291726800  7.4 54 1008.1
1291726860  7.4 54 1008.0
1291726920  7.5 54 1008.0
1291726980  7.5 54 1007.9
1291727040  7.5 54 1008.0
1291727100  7.5 54 1008.0
1291727160  7.5 54 1008.0
1291727220  7.5 54 1008.0
1291727280  7.5 54 1008.0
1291727340  7.5 54 1008.0
1291727400  7.5 54 1007.9
1291727460  7.6 54 1008.0
1291727520  7.6 54 1007.9
1291727580  7.6 54 1007.9
1291727640  7.6 54 1007.9
1291727700  7.6 54 1007.9
1291727760  7.6 54 1007.9
1291727820  7.6 54 1007.9
1291727880  7.6 54 1007.9
1291727940  7.6 54 1007.9
1291728000  7.6 54 1007.8
1291728060  7.6 54 1007.8
1291728120  7.6 54 1007.8
1291728180  7.6 54 1007.8
1291728240  7.6 54 1007.8
1291728300  7.6 54 1007.8
1291728360  7.6 54 1007.8
1291728420  7.6 54 1007.8
1291728480  7.6 54 1007.8
1291728540  7.7 54 1007.8
1291728600  7.7 54 1007.7
1291728660  7.7 54 1007.8
1291728720  7.7 54 1007.8
1291728780  7.7 54 1007.8
1291728840  7.7 54 1007.8
1291728900  7.7 54 1007.7
1291728960  7.7 54 1007.7
1291729020  7.7 54 1007.7
1291729080  7.7 54 1007.7
1291729140  7.8 54 1007.7
1291729200  7.7 54 1007.6
1291729260  7.8 54 1007.6
1291729320  7.7 54 1007.7
1291729380  7.8 54 1007.7
1291729440  7.8 54 1007.7
1291729500  7.7 54 1007.7
1291729560  7.7 54 1007.7
1291729620  7.7 54 1007.7
1291729680  7.7 54 1007.7
1291729740  7.8 54 1007.8
1291729800  7.8 54 1007.8
1291729860  7.8 54 1007.8
1291729920  7.7 54 1007.8
1291729980  7.8 54 1007.7
1291730040  7.8 54 1007.8
1291730100  7.8 54 1007.8
1291730160  7.8 54 1007.8
1291730220  7.8 54 1007.8
1291730280  7.8 54 1007.8
1291730340  7.8 54 1007.8
1291730400  7.7 54 1007.8
1291730460  7.7 54 1007.8
1291730520  7.7 54 1007.9
1291730580  7.7 54 1007.9
1291730640  7.7 54 1007.8
1291730700  7.7 54 1007.8
1291730760  7.7 54 1007.9
1291730820  7.7 54 1007.9
1291730880  7.7 54 1007.9
1291730940  7.7 54 1007.9
1291731000  7.7 54 1007.9
1291731060  7.7 54 1007.9
1291731120  7.7 54 1007.9
1291731180  7.7 54 1007.9
1291731240  7.7 54 1008.0
1291731300  7.7 54 1007.9
1291731360  7.7 53 1007.9
1291731420  7.7 53 1008.0
1291731480  7.7 53 1008.0
1291731540  7.7 53 1008.0
1291731600  7.7 54 1007.9
1291731660  7.7 54 1007.9
1291731720  7.7 54 1007.9
1291731780  7.7 54 1007.9
1291731840  7.6 54 1007.9
1291731900  7.6 54 1007.9
1291731960  7.6 54 1007.9
1291732020  7.6 54 1007.9
1291732080  7.6 54 1007.9
1291732140  7.6 54 1007.9
1291732200  7.6 54 1007.9
1291732260  7.6 53 1007.9
1291732320  7.6 53 1007.9
1291732380  7.6 54 1007.9
1291732440  7.6 54 1007.9
1291732500  7.6 53 1007.8
1291732560  7.6 54 1007.9
1291732620  7.6 54 1007.9
1291732680  7.6 54 1007.9
1291732740  7.6 54 1007.9
1291732800  7.6 54 1007.9
1291732860  7.6 54 1007.8
1291732920  7.6 54 1007.9
1291732980  7.6 54 1007.9
1291733040  7.6 54 1007.8
1291733100  7.6 54 1007.9
1291733160  7.6 53 1007.9
1291733220  7.6 53 1007.8
1291733280  7.6 53 1007.8
1291733340  7.6 53 1007.8
1291733400  7.6 54 1007.9
1291733460  7.6 54 1007.8
1291733520  7.6 54 1007.9
1291733580  7.5 54 1007.9
1291733640  7.6 54 1007.9
1291733700  7.5 54 1008.0
1291733760  7.6 54 1008.1
1291733820  7.5 54 1008.0
1291733880  7.5 54 1008.0
1291733940  7.5 54 1008.0
1291734000  7.5 53 1008.1
1291734060  7.5 53 1008.1
1291734120  7.5 54 1008.1
1291734180  7.5 54 1008.1
1291734240  7.5 54 1008.1
1291734300  7.5 54 1008.2
1291734360  7.5 54 1008.2
1291734420  7.5 54 1008.3
1291734480  7.5 54 1008.3
1291734540  7.5 54 1008.3
1291734600  7.4 54 1008.2
1291734660  7.4 54 1008.2
1291734720  7.4 54 1008.2
1291734780  7.4 54 1008.2
1291734840  7.5 54 1008.3
1291734900  7.4 54 1008.3
1291734960  7.4 54 1008.3
1291735020  7.4 54 1008.3
1291735080  7.4 54 1008.3
1291735140  7.4 54 1008.3
1291735200  7.4 54 1008.4
1291735260  7.4 54 1008.4
1291735320  7.4 54 1008.3
1291735380  7.4 54 1008.3
1291735440  7.4 54 1008.3
1291735500  7.4 54 1008.3
1291735560  7.4 54 1008.4
1291735620  7.4 54 1008.4
1291735680  7.4 54 1008.4
1291735740  7.4 54 1008.4
1291735800  7.4 54 1008.3
1291735860  7.4 54 1008.2
1291735920  7.4 54 1008.4
1291735980  7.4 54 1008.2
1291736040  7.4 54 1008.3
1291736100  7.4 54 1008.2
1291736160  7.4 54 1008.2
1291736220  7.4 54 1008.3
1291736280  7.4 54 1008.3
1291736340  7.4 54 1008.3
1291736460  7.3 54 1008.4
1291736520  7.3 54 1008.4
1291736580  7.3 54 1008.5
1291736640  7.4 54 1008.6
1291736700  7.3 54 1008.6
1291736760  7.3 54 1008.6
1291736820  7.3 54 1008.6
1291736880  7.3 54 1008.6
1291736940  7.3 54 1008.5
1291737000  7.3 54 1008.6
1291737060  7.3 54 1008.6
1291737120  7.3 54 1008.6
1291737180  7.3 54 1008.7
1291737240  7.3 54 1008.7
1291737300  7.3 54 1008.7
1291737360  7.3 54 1008.7
1291737420  7.3 54 1008.7
1291737480  7.3 54 1008.7
1291737540  7.3 54 1008.8
1291737600  7.3 54 1008.8
1291737660  7.3 54 1008.8
1291737720  7.2 54 1008.7
1291737780  7.2 54 1008.6
1291737840  7.2 54 1008.6
1291737900  7.3 54 1008.6
1291737960  7.2 54 1008.6
1291738020  7.2 54 1008.6
1291738080  7.2 54 1008.7
1291738140  7.2 54 1008.6
1291738200  7.2 54 1008.6
1291738260  7.2 54 1008.6
1291738320  7.2 54 1008.6
1291738380  7.2 54 1008.7
1291738440  7.2 54 1008.6
1291738500  7.2 54 1008.6
1291738560  7.2 54 1008.7
1291738620  7.2 54 1008.6
1291738680  7.2 54 1008.6
1291738740  7.2 54 1008.6
1291738800  7.2 54 1008.6
1291738860  7.2 54 1008.6
1291738920  7.2 54 1008.6
1291738980  7.2 54 1008.6
1291739040  7.2 54 1008.6
1291739100  7.2 54 1008.6
1291739160  7.2 54 1008.6
1291739220  7.2 54 1008.6
1291739280  7.2 54 1008.6
1291739340  7.2 54 1008.6
1291739400  7.2 54 1008.6
1291739460  7.2 54 1008.6
1291739520  7.2 54 1008.6
1291739580  7.2 54 1008.6
1291739640  7.2 54 1008.6
1291739700  7.2 54 1008.6
1291739760  7.2 54 1008.7
1291739820  7.2 54 1008.7
1291739880  7.2 54 1008.7
1291739940  7.2 54 1008.8
1291740000  7.2 54 1008.8
1291740060  7.2 54 1008.8
1291740120  7.2 54 1008.6
1291740180  7.2 54 1008.8
1291740240  7.2 54 1008.7
1291740300  7.2 54 1008.8
1291740360  7.2 54 1008.8
1291740420  7.2 54 1008.8
1291740480  7.2 54 1008.9
1291740540  7.2 54 1008.9
1291740600  7.2 54 1008.9
1291740660  7.2 54 1008.9
1291740720  7.2 54 1008.8
1291740780  7.2 54 1008.8
1291740840  7.2 54 1008.7
1291740900  7.2 54 1008.8
1291740960  7.2 54 1008.9
1291741020  7.2 54 1008.9
1291741080  7.2 54 1008.8
1291741140  7.2 54 1008.9
1291741200  7.2 54 1008.9
1291741260  7.2 54 1008.9
1291741320  7.2 54 1008.9
1291741380  7.1 54 1008.9
1291741440  7.2 54 1008.9
1291741500  7.2 54 1008.9
1291741560  7.1 54 1008.9
1291741620  7.1 54 1008.9
1291741680  7.2 54 1008.9
1291741740  7.1 54 1009.0
1291741800  7.1 54 1009.0
1291741860  7.1 54 1009.0
1291741920  7.1 54 1008.9
1291741980  7.1 54 1008.9
1291742040  7.1 54 1009.0
1291742100  7.1 54 1009.0
1291742220  7.1 54 1009.0
1291742280  7.1 54 1009.0
1291742340  7.1 54 1009.0
1291742400  7.1 54 1009.0
1291742460  7.1 54 1009.0
1291742520  7.1 54 1009.0
1291742580  7.1 54 1009.0
1291742640  7.1 54 1009.0
1291742700  7.1 54 1009.0
1291742760  7.1 54 1009.0
1291742820  7.1 54 1009.0
1291742880  7.1 54 1009.0
1291742940  7.1 54 1008.9
1291743000  7.1 54 1008.9
1291743060  7.1 54 1008.9
1291743120  7.1 54 1009.0
1291743180  7.1 54 1009.0
1291743240  7.1 54 1009.0
1291743300  7.1 54 1009.0
1291743360  7.1 54 1009.0
1291743420  7.0 54 1009.0
1291743480  7.1 54 1009.0
1291743540  7.0 54 1008.9
1291743600  7.1 54 1008.9
1291743660  7.1 54 1008.9
1291743720  7.1 54 1008.9
1291743780  7.1 54 1009.0
1291743840  7.0 54 1008.9
1291743900  7.0 54 1009.0
1291743960  7.0 54 1008.9
1291744020  7.0 54 1008.9
1291744080  7.0 54 1008.9
1291744140  7.0 54 1008.9
1291744200  7.0 54 1009.0
1291744260  7.0 54 1009.0
1291744320  7.0 54 1009.1
1291744380  7.0 54 1009.1
1291744440  7.0 54 1009.0
1291744500  7.0 54 1009.1
1291744560  7.0 54 1009.0
1291744620  7.0 54 1009.1
1291744680  7.0 54 1009.1
1291744740  7.0 54 1009.3
1291744800  7.0 54 1009.3
1291744860  7.0 54 1009.3
1291744920  7.0 54 1009.1
1291744980  7.0 54 1009.1
1291745040  7.0 54 1009.1
1291745100  7.0 54 1009.2
1291745160  7.0 54 1009.1
1291745220  7.0 54 1009.2
1291745280  7.0 54 1009.2
1291745340  7.0 54 1009.2
1291745400  7.0 54 1009.2
1291745460  7.0 54 1009.2
1291745520  7.0 54 1009.2
1291745580  7.0 54 1009.3
1291745640  7.0 54 1009.2
1291745700  7.0 54 1009.3
1291745820  7.0 54 1009.3
1291745880  7.0 54 1009.2
1291745940  7.0 54 1009.2
1291746000  7.0 54 1009.2
1291746060  7.0 54 1009.2
1291746120  7.0 54 1009.2
1291746180  7.0 54 1009.3
1291746240  7.0 54 1009.3
1291746300  7.0 54 1009.2
1291746360  7.0 54 1009.3
1291746420  7.0 54 1009.4
1291746480  6.9 54 1009.4
1291746540  7.0 54 1009.4
1291746600  7.0 54 1009.4
1291746660  7.0 54 1009.4
1291746720  6.9 54 1009.4
1291746780  6.9 54 1009.4
1291746840  6.9 54 1009.4
1291746900  6.9 54 1009.5
1291746960  6.9 54 1009.4
1291747020  6.9 54 1009.4
1291747080  6.9 54 1009.4
1291747140  6.9 54 1009.5
1291747200  6.9 54 1009.5
1291747260  6.9 54 1009.5
1291747320  6.9 54 1009.4
1291747380  6.9 54 1009.4
1291747440  6.9 54 1009.5
1291747500  6.9 54 1009.4
1291747560  6.9 54 1009.5
1291747620  6.9 54 1009.4
1291747680  6.9 54 1009.4
1291747740  6.9 54 1009.4
1291747800  6.9 54 1009.5
1291747860  6.9 54 1009.5
1291747920  6.9 54 1009.5
1291747980  6.9 54 1009.5
1291748040  6.9 54 1009.5
1291748100  6.9 54 1009.5
1291748160  6.9 54 1009.4
1291748220  6.9 54 1009.5
1291748280  6.9 54 1009.5
1291748340  6.9 54 1009.5
1291748400  6.9 54 1009.5
1291748460  6.9 54 1009.5
1291748520  6.9 54 1009.5
1291748580  6.9 54 1009.5
1291748640  6.8 54 1009.5
1291748700  6.8 54 1009.5
1291748760  6.8 54 1009.5
1291748820  6.8 54 1009.6
1291748880  6.9 54 1009.6
1291748940  6.9 54 1009.6
1291749000  6.8 54 1009.6
1291749060  6.8 54 1009.7
1291749120  6.9 54 1009.6
1291749180  6.9 54 1009.6
1291749240  6.9 54 1009.6
1291749300  6.8 54 1009.7
1291749420  6.8 54 1009.7
1291749480  6.8 54 1009.6
1291749540  6.8 54 1009.5
1291749600  6.8 54 1009.6
1291749660  6.8 54 1009.6
1291749720  6.8 54 1009.6
1291749780  6.8 54 1009.6
1291749840  6.8 54 1009.7
1291749900  6.8 54 1009.7
1291749960  6.8 54 1009.6
1291750020  6.8 54 1009.7
1291750080  6.8 54 1009.6
1291750140  6.8 54 1009.7
1291750200  6.8 54 1009.6
1291750260  6.8 54 1009.7
1291750320  6.8 54 1009.7
1291750380  6.8 54 1009.7
1291750440  6.8 54 1009.7
1291750500  6.8 54 1009.7
1291750560  6.8 54 1009.7
1291750620  6.8 54 1009.7
1291750680  6.8 54 1009.7
1291750740  6.8 54 1009.7
1291750800  6.8 54 1009.6
1291750860  6.8 54 1009.7
1291750920  6.8 54 1009.7
1291750980  6.8 54 1009.7
1291751040  6.8 54 1009.7
1291751100  6.8 54 1009.7
1291751160  6.8 54 1009.7
1291751220  6.8 54 1009.7
1291751280  6.8 54 1009.7
1291751340  6.8 54 1009.8
1291751400  6.8 54 1009.9
1291751460  6.8 54 1009.9
1291751520  6.8 54 1009.8
1291751580  6.8 54 1009.8
1291751640  6.8 54 1009.8
1291751700  6.8 54 1009.8
1291751760  6.8 54 1009.8
1291751820  6.8 54 1009.8
1291751880  6.8 54 1009.8
1291751940  6.8 54 1009.8
1291752000  6.8 54 1009.9
1291752060  6.8 54 1009.9
1291752120  6.8 54 1009.9
1291752180  6.8 54 1009.9
1291752240  6.8 54 1009.9
1291752300  6.8 54 1009.8
1291752360  6.8 54 1009.8
1291752420  6.8 54 1009.8
1291752480  6.8 54 1009.8
1291752540  6.8 54 1009.8
1291752600  6.8 54 1009.8
1291752660  6.8 54 1009.8
1291752720  6.8 54 1009.8
1291752780  6.8 54 1009.8
1291752840  6.8 54 1009.8
1291752900  6.8 54 1009.8
1291753020  6.8 54 1009.8
1291753080  6.8 54 1009.8
1291753140  6.8 54 1009.9
1291753200  6.8 54 1009.9
1291753260  6.8 54 1010.0
1291753320  6.8 54 1010.0
1291753380  6.8 54 1010.0
1291753440  6.8 54 1010.0
1291753500  6.8 54 1010.0
1291753560  6.8 54 1010.1
1291753620  6.8 54 1010.1
1291753680  6.8 54 1010.0
1291753740  6.8 54 1010.1
1291753800  6.7 54 1010.0
1291753860  6.7 54 1010.1
1291753920  6.7 54 1010.1
1291753980  6.7 54 1010.1
1291754040  6.7 54 1010.1
1291754100  6.7 54 1010.0
1291754160  6.7 54 1010.0
1291754220  6.7 54 1010.0
1291754280  6.7 54 1010.0
1291754340  6.7 54 1010.0
1291754400  6.7 54 1010.1
1291754460  6.7 54 1010.1
1291754520  6.7 54 1010.0
1291754580  6.7 54 1010.0
1291754640  6.7 54 1010.0
1291754700  6.7 54 1010.1
1291754760  6.7 54 1010.1
1291754820  6.7 54 1010.1
1291754880  6.7 54 1010.1
1291754940  6.7 54 1010.1
1291755000  6.7 54 1010.1
1291755060  6.7 54 1010.1
1291755120  6.7 54 1010.1
1291755180  6.7 54 1010.1
1291755240  6.7 54 1010.1
1291755300  6.7 54 1010.0
1291755360  6.7 54 1010.0
1291755420  6.7 54 1010.0
1291755480  6.7 54 1010.0
1291755540  6.7 54 1010.0
1291755600  6.7 54 1010.0
1291755660  6.7 54 1010.0
1291755720  6.7 54 1010.0
1291755780  6.7 54 1010.0
1291755840  6.7 54 1010.0
1291755900  6.7 54 1010.0
1291755960  6.7 54 1010.0
1291756020  6.7 54 1010.0
1291756080  6.7 54 1009.9
1291756140  6.7 54 1010.0
1291756200  6.7 54 1009.9
1291756260  6.7 54 1010.0
1291756320  6.7 54 1009.9
1291756380  6.7 54 1010.0
1291756440  6.7 54 1010.0
1291756500  6.7 54 1010.0
1291756560  6.7 54 1010.0
1291756680  6.7 54 1010.0
1291756740  6.7 54 1010.0
1291756800  6.7 54 1010.0
1291756860  6.7 54 1010.1
1291756920  6.7 54 1010.2
1291756980  6.7 54 1010.1
1291757040  6.7 54 1010.2
1291757100  6.7 54 1010.2
1291757160  6.7 54 1010.2
1291757220  6.7 54 1010.1
1291757280  6.7 54 1010.0
1291757340  6.7 54 1010.0
1291757400  6.7 54 1010.0
1291757460  6.7 54 1010.0
1291757520  6.7 54 1010.0
1291757580  6.7 54 1010.0
1291757640  6.7 54 1010.0
1291757700  6.7 54 1010.0
1291757760  6.7 54 1010.0
1291757820  6.7 54 1010.0
1291757880  6.7 54 1010.0
1291757940  6.7 54 1010.1
1291758000  6.7 54 1010.1
1291758060  6.7 54 1010.1
1291758120  6.7 54 1010.1
1291758180  6.7 54 1010.0
1291758240  6.7 54 1010.1
1291758300  6.7 54 1010.1
1291758360  6.7 54 1010.1
1291758420  6.7 54 1010.1
1291758480  6.7 54 1010.2
1291758540  6.7 54 1010.0
1291758600  6.7 54 1010.0
1291758720  6.7 54 1010.1
1291758780  6.6 54 1010.1
1291758840  6.6 54 1010.1
1291758900  6.7 54 1010.1
1291758960  6.7 54 1010.1
1291759020  6.7 54 1010.1
1291759080  6.7 54 1010.0
1291759140  6.7 54 1010.0
1291759200  6.6 54 1009.9
1291759260  6.6 54 1010.0
1291759320  6.6 54 1010.0
1291759380  6.6 54 1009.9
1291759440  6.6 54 1009.9
1291759500  6.6 54 1010.0
1291759560  6.6 54 1010.0
1291759620  6.6 54 1010.0
1291759680  6.6 54 1010.0
1291759740  6.6 54 1009.9
1291759800  6.6 54 1010.1
1291759860  6.6 54 1010.1
1291759920  6.6 54 1010.1
1291759980  6.6 54 1010.1
1291760040  6.6 54 1010.1
1291760100  6.6 54 1010.1
1291760160  6.6 54 1010.1
1291760220  6.6 54 1010.1
1291760280  6.6 54 1010.3
1291760340  6.6 54 1010.3
1291760400  6.6 54 1010.4
1291760460  6.6 54 1010.2
1291760520  6.6 54 1010.2
1291760580  6.6 54 1010.3
1291760640  6.6 54 1010.3
1291760700  6.6 54 1010.3
1291760760  6.6 54 1010.3
1291760820  6.6 54 1010.3
1291760880  6.6 54 1010.2
1291760940  6.6 54 1010.3
1291761000  6.6 54 1010.2
1291761060  6.6 54 1010.3
1291761120  6.6 54 1010.2
1291761180  6.6 54 1010.4
1291761240  6.6 54 1010.4
1291761300  6.6 54 1010.4
1291761360  6.6 54 1010.4
1291761420  6.6 54 1010.4
1291761480  6.6 54 1010.4
1291761540  6.6 54 1010.4
1291761600  6.6 54 1010.4
1291761660  6.6 54 1010.5
1291761720  6.6 54 1010.4
1291761780  6.6 54 1010.4
1291761840  6.6 54 1010.4
1291761900  6.6 54 1010.5
1291761960  6.6 54 1010.5
1291762020  6.6 54 1010.5
1291762080  6.6 54 1010.4
1291762140  6.6 54 1010.5
1291762200  6.6 54 1010.5
1291762260  6.6 54 1010.5
1291762320  6.6 54 1010.6
1291762380  6.6 54 1010.5
1291762440  6.6 54 1010.4
1291762500  6.6 54 1010.4
1291762560  6.6 54 1010.4
1291762620  6.6 54 1010.4
1291762680  6.6 54 1010.4
1291762740  6.6 54 1010.4
1291762800  6.6 54 1010.4
1291762860  6.6 54 1010.4
1291762920  6.6 54 1010.5
1291762980  6.6 54 1010.4
1291763040  6.6 54 1010.5
1291763100  6.6 54 1010.5
1291763160  6.6 54 1010.5
1291763220  6.6 54 1010.6
1291763280  6.6 54 1010.5
1291763340  6.6 54 1010.5
1291763400  6.6 54 1010.4
1291763460  6.6 54 1010.4
1291763520  6.6 54 1010.5
1291763580  6.6 54 1010.3
1291763640  6.6 54 1010.3
1291763700  6.6 54 1010.3
1291763760  6.6 54 1010.3
1291763820  6.6 55 1010.3
1291763880  6.6 55 1010.4
1291763940  6.6 55 1010.4
1291764000  6.6 55 1010.4
1291764060  6.7 55 1010.4
1291764120  6.7 55 1010.5
1291764180  6.7 55 1010.4
1291764240  6.7 55 1010.5
1291764300  6.7 55 1010.4
1291764360  6.7 55 1010.4
1291764420  6.7 55 1010.5
1291764480  6.7 55 1010.5
1291764540  6.7 55 1010.5
1291764600  6.7 55 1010.6
1291764660  6.7 55 1010.6
1291764720  6.7 55 1010.6
1291764780  6.7 55 1010.6
1291764840  6.7 55 1010.6
1291764900  6.7 55 1010.6
1291764960  6.7 55 1010.6
1291765020  6.7 55 1010.8
1291765080  6.7 55 1010.8
1291765140  6.7 55 1010.9
1291765200  6.7 55 1010.9
1291765260  6.7 55 1010.9
1291765320  6.7 55 1010.9
1291765380  6.7 55 1010.9
1291765440  6.7 55 1010.9
1291765500  6.7 55 1011.0
1291765560  6.7 55 1011.0
1291765620  6.7 55 1011.0
1291765680  6.7 55 1011.0
1291765740  6.7 55 1011.0
1291765800  6.7 55 1010.9
1291765860  6.7 55 1011.0
1291765920  6.7 55 1011.0
1291765980  6.7 55 1011.0
1291766040  6.7 55 1010.9
1291766100  6.7 55 1011.0
1291766160  6.8 55 1010.9
1291766220  6.7 55 1010.9
1291766280  6.7 55 1010.9
1291766340  6.7 55 1010.9
