1292025600  8.0 60 1028.8
1292025660  8.0 61 1028.8
1292025720  8.0 60 1028.8
1292025780  8.0 60 1028.7
1292025840  8.0 60 1028.7
1292025900  8.0 60 1028.7
1292025960  8.0 60 1028.7
1292026020  8.0 60 1028.7
1292026080  8.0 60 1028.7
1292026140  8.0 60 1028.7
1292026200  8.0 60 1028.7
1292026260  8.0 60 1028.7
1292026320  8.0 60 1028.7
1292026380  8.0 60 1028.7
1292026440  8.0 60 1028.7
1292026500  8.0 60 1028.7
1292026560  8.0 60 1028.7
1292026620  8.0 60 1028.7
1292026680  8.0 60 1028.7
1292026740  8.0 60 1028.7
1292026800  8.0 60 1028.7
1292026860  8.1 60 1028.8
1292026920  8.1 60 1028.8
1292026980  8.1 60 1028.8
1292027040  8.1 60 1028.8
1292027100  8.1 60 1028.8
1292027160  8.1 60 1028.8
1292027220  8.1 60 1028.7
1292027280  8.1 60 1028.8
1292027340  8.1 60 1028.7
1292027400  8.1 60 1028.7
1292027460  8.1 60 1028.7
1292027520  8.1 60 1028.7
1292027580  8.1 60 1028.7
1292027640  8.1 60 1028.7
1292027700  8.1 60 1028.6
1292027760  8.1 60 1028.7
1292027820  8.1 60 1028.5
1292027880  8.1 60 1028.5
1292027940  8.1 60 1028.5
1292028000  8.1 60 1028.6
1292028060  8.1 60 1028.5
1292028120  8.1 60 1028.5
1292028180  8.1 60 1028.5
1292028240  8.1 60 1028.5
1292028300  8.1 60 1028.6
1292028360  8.1 60 1028.6
1292028420  8.1 60 1028.5
1292028480  8.1 60 1028.6
1292028540  8.1 60 1028.6
1292028600  8.1 60 1028.6
1292028660  8.1 60 1028.6
1292028720  8.1 60 1028.6
1292028780  8.1 60 1028.6
1292028840  8.1 60 1028.6
1292028900  8.1 60 1028.6
1292028960  8.1 60 1028.6
1292029080  8.1 60 1028.6
1292029140  8.1 60 1028.6
1292029200  8.1 60 1028.6
1292029260  8.1 60 1028.5
1292029320  8.1 60 1028.5
1292029380  8.1 60 1028.5
1292029440  8.1 60 1028.5
1292029500  8.1 60 1028.5
1292029560  8.1 60 1028.5
1292029620  8.1 60 1028.5
1292029680  8.1 60 1028.5
1292029740  8.1 60 1028.4
1292029800  8.1 60 1028.2
1292029860  8.1 60 1028.2
1292029920  8.1 60 1028.2
1292029980  8.1 60 1028.2
1292030040  8.1 60 1028.1
1292030100  8.1 60 1028.1
1292030160  8.1 60 1028.1
1292030220  8.1 60 1028.1
1292030280  8.1 60 1028.0
1292030340  8.1 60 1027.9
1292030400  8.1 60 1027.9
1292030460  8.1 60 1028.0
1292030520  8.1 60 1028.0
1292030580  8.1 60 1028.0
1292030640  8.1 60 1028.0
1292030700  8.1 60 1028.0
1292030760  8.1 60 1028.0
1292030820  8.1 60 1028.0
1292030880  8.1 60 1028.1
1292030940  8.1 60 1028.1
1292031000  8.1 60 1028.1
1292031060  8.1 60 1028.1
1292031120  8.1 60 1028.1
1292031180  8.1 60 1028.1
1292031240  8.1 60 1028.1
1292031300  8.1 60 1028.1
1292031360  8.1 60 1028.1
1292031420  8.1 60 1028.0
1292031480  8.1 60 1028.1
1292031540  8.1 60 1028.1
1292031600  8.1 60 1028.1
1292031660  8.1 60 1028.1
1292031720  8.1 60 1028.1
1292031780  8.1 60 1028.0
1292031840  8.1 60 1028.1
1292031900  8.1 60 1028.1
1292031960  8.1 60 1028.1
1292032020  8.1 60 1028.0
1292032080  8.2 60 1028.0
1292032140  8.1 60 1028.0
1292032200  8.1 60 1028.0
1292032260  8.1 60 1028.0
1292032320  8.2 60 1028.0
1292032380  8.1 60 1028.0
1292032440  8.1 60 1027.9
1292032500  8.1 60 1027.9
1292032560  8.1 60 1027.9
1292032620  8.1 60 1028.0
1292032680  8.1 60 1028.0
1292032740  8.1 60 1028.0
1292032800  8.1 60 1028.0
1292032860  8.2 60 1028.0
1292032920  8.2 60 1028.0
1292032980  8.2 60 1027.9
1292033040  8.2 60 1027.9
1292033100  8.2 60 1027.9
1292033160  8.2 60 1027.9
1292033220  8.2 60 1028.0
1292033280  8.2 60 1027.8
1292033340  8.2 60 1027.9
1292033400  8.2 60 1027.8
1292033460  8.1 60 1027.9
1292033520  8.1 60 1027.8
1292033580  8.1 60 1027.8
1292033640  8.2 60 1027.8
1292033700  8.2 60 1027.8
1292033760  8.2 60 1027.8
1292033820  8.2 60 1027.8
1292033880  8.2 60 1027.9
1292033940  8.2 60 1028.0
1292034000  8.2 60 1028.0
1292034060  8.2 60 1028.0
1292034120  8.2 60 1027.9
1292034180  8.2 60 1028.0
1292034240  8.2 60 1027.9
1292034300  8.2 60 1027.9
1292034360  8.2 60 1027.9
1292034420  8.2 60 1028.0
1292034480  8.2 60 1027.8
1292034540  8.2 60 1027.8
1292034600  8.2 60 1027.8
1292034660  8.2 60 1027.8
1292034720  8.2 60 1027.8
1292034780  8.2 60 1027.7
1292034840  8.2 60 1027.7
1292034900  8.2 60 1027.7
1292034960  8.2 60 1027.7
1292035020  8.2 60 1027.7
1292035080  8.2 60 1027.7
1292035140  8.2 60 1027.7
1292035200  8.2 60 1027.7
1292035260  8.2 60 1027.7
1292035320  8.2 60 1027.7
1292035380  8.2 60 1027.6
1292035440  8.2 60 1027.6
1292035500  8.2 60 1027.7
1292035560  8.2 60 1027.7
1292035620  8.2 60 1027.7
1292035680  8.2 60 1027.7
1292035740  8.2 60 1027.6
1292035800  8.2 60 1027.7
1292035860  8.2 60 1027.5
1292035920  8.2 60 1027.6
1292035980  8.2 60 1027.7
1292036040  8.2 60 1027.7
1292036100  8.2 60 1027.6
1292036160  8.2 60 1027.6
1292036220  8.2 60 1027.7
1292036280  8.2 60 1027.5
1292036340  8.2 60 1027.4
1292036400  8.2 60 1027.4
1292036460  8.2 60 1027.4
1292036520  8.2 60 1027.3
1292036580  8.2 60 1027.4
1292036640  8.2 60 1027.4
1292036700  8.2 60 1027.4
1292036760  8.2 60 1027.4
1292036820  8.2 60 1027.5
1292036880  8.2 60 1027.5
1292036940  8.2 60 1027.4
1292037000  8.2 60 1027.4
1292037060  8.2 60 1027.3
1292037120  8.2 60 1027.3
1292037180  8.2 60 1027.4
1292037240  8.2 60 1027.3
1292037300  8.2 60 1027.4
1292037360  8.2 60 1027.4
1292037420  8.2 60 1027.4
1292037480  8.2 60 1027.4
1292037540  8.2 60 1027.3
1292037600  8.2 60 1027.4
1292037660  8.2 60 1027.5
1292037720  8.2 60 1027.5
1292037780  8.2 60 1027.6
1292037840  8.2 60 1027.5
1292037900  8.2 60 1027.6
1292037960  8.2 60 1027.6
1292038020  8.2 60 1027.6
1292038080  8.2 60 1027.7
1292038140  8.2 60 1027.8
1292038200  8.2 60 1027.7
1292038260  8.2 60 1027.5
1292038320  8.2 60 1027.5
1292038380  8.2 60 1027.4
1292038440  8.2 60 1027.4
1292038500  8.2 60 1027.4
1292038560  8.2 60 1027.4
1292038620  8.2 60 1027.4
1292038680  8.2 60 1027.5
1292038740  8.2 60 1027.4
1292038800  8.2 60 1027.6
1292038860  8.2 60 1027.5
1292038920  8.2 60 1027.5
1292038980  8.2 60 1027.4
1292039040  8.2 60 1027.4
1292039100  8.2 60 1027.4
1292039160  8.2 60 1027.4
1292039220  8.2 60 1027.4
1292039280  8.2 60 1027.4
1292039340  8.2 60 1027.4
1292039400  8.2 60 1027.5
1292039460  8.2 60 1027.4
1292039520  8.2 60 1027.4
1292039580  8.2 60 1027.5
1292039640  8.2 60 1027.5
1292039700  8.2 60 1027.5
1292039760  8.2 60 1027.5
1292039820  8.2 60 1027.5
1292039880  8.2 60 1027.5
1292039940  8.2 60 1027.5
1292040000  8.2 60 1027.5
1292040060  8.2 60 1027.5
1292040120  8.2 60 1027.6
1292040180  8.2 60 1027.6
1292040240  8.2 60 1027.6
1292040300  8.2 60 1027.7
1292040360  8.2 60 1027.6
1292040420  8.2 60 1027.7
1292040480  8.2 60 1027.7
1292040540  8.2 60 1027.7
1292040600  8.2 60 1027.4
1292040660  8.2 60 1027.4
1292040720  8.2 60 1027.5
1292040780  8.2 60 1027.5
1292040840  8.2 60 1027.5
1292040900  8.2 60 1027.6
1292040960  8.2 60 1027.5
1292041020  8.2 60 1027.7
1292041080  8.2 60 1027.7
1292041140  8.2 60 1027.7
1292041200  8.2 60 1027.8
1292041260  8.2 60 1027.8
1292041320  8.2 60 1027.8
1292041380  8.2 60 1027.8
1292041440  8.2 60 1027.8
1292041500  8.2 60 1027.7
1292041560  8.2 60 1027.6
1292041620  8.2 60 1027.6
1292041680  8.2 60 1027.6
1292041740  8.2 60 1027.6
1292041800  8.2 60 1027.7
1292041860  8.2 60 1027.7
1292041920  8.2 60 1027.7
1292041980  8.2 60 1027.5
1292042040  8.2 60 1027.5
1292042100  8.2 60 1027.7
1292042160  8.2 60 1027.6
1292042220  8.2 60 1027.7
1292042280  8.2 60 1027.7
1292042340  8.2 60 1027.7
1292042400  8.2 60 1027.8
1292042460  8.2 60 1027.7
1292042520  8.2 60 1027.7
1292042580  8.2 60 1027.7
1292042640  8.2 60 1027.8
1292042700  8.2 60 1027.7
1292042760  8.2 60 1027.7
1292042820  8.2 60 1027.7
1292042880  8.2 60 1027.7
1292042940  8.2 60 1027.7
1292043000  8.2 60 1027.8
1292043060  8.2 60 1027.8
1292043120  8.2 60 1027.7
1292043180  8.2 60 1027.7
1292043240  8.2 60 1027.7
1292043300  8.2 60 1027.6
1292043360  8.2 60 1027.7
1292043420  8.2 60 1027.7
1292043480  8.2 60 1027.7
1292043540  8.2 60 1027.7
1292043660  8.2 60 1027.7
1292043720  8.2 60 1027.8
1292043780  8.2 60 1027.8
1292043840  8.2 60 1027.8
1292043900  8.2 60 1027.7
1292043960  8.2 60 1027.8
1292044020  8.2 60 1027.8
1292044080  8.2 60 1027.8
1292044140  8.2 60 1027.8
1292044200  8.2 60 1027.8
1292044260  8.2 60 1027.7
1292044320  8.2 60 1027.7
1292044380  8.2 60 1027.7
1292044440  8.2 60 1027.7
1292044500  8.2 60 1027.7
1292044560  8.2 60 1027.7
1292044620  8.2 60 1027.7
1292044680  8.2 60 1027.7
1292044740  8.2 60 1027.7
1292044800  8.2 60 1027.8
1292044860  8.2 60 1027.6
1292044920  8.2 60 1027.8
1292044980  8.2 60 1027.8
1292045040  8.2 60 1027.8
1292045100  8.2 60 1027.7
1292045160  8.2 60 1027.7
1292045220  8.2 60 1027.7
1292045280  8.2 60 1027.7
1292045340  8.2 60 1027.7
1292045400  8.2 60 1027.7
1292045460  8.2 60 1027.7
1292045520  8.2 60 1027.7
1292045580  8.2 60 1027.7
1292045640  8.2 60 1027.6
1292045700  8.2 60 1027.7
1292045760  8.2 60 1027.7
1292045820  8.2 60 1027.7
1292045880  8.2 60 1027.7
1292045940  8.2 60 1027.7
1292046000  8.2 60 1027.6
1292046060  8.2 60 1027.6
1292046120  8.2 60 1027.5
1292046180  8.2 60 1027.5
1292046240  8.2 60 1027.5
1292046300  8.2 60 1027.6
1292046360  8.2 60 1027.6
1292046420  8.2 60 1027.7
1292046480  8.2 60 1027.7
1292046540  8.2 60 1027.7
1292046600  8.2 60 1027.8
1292046660  8.2 60 1027.8
1292046720  8.2 60 1027.7
1292046780  8.2 60 1027.7
1292046840  8.2 60 1027.7
1292046900  8.2 60 1027.8
1292046960  8.2 60 1027.8
1292047020  8.2 60 1027.9
1292047080  8.2 60 1027.9
1292047140  8.2 60 1027.9
1292047200  8.2 60 1028.0
1292047260  8.2 60 1027.8
1292047320  8.2 60 1028.0
1292047380  8.2 60 1028.1
1292047440  8.2 60 1028.1
1292047500  8.2 60 1028.1
1292047560  8.2 60 1028.1
1292047620  8.2 60 1028.2
1292047680  8.2 60 1028.2
1292047740  8.2 60 1028.2
1292047800  8.2 60 1028.2
1292047860  8.2 60 1028.1
1292047920  8.2 60 1028.1
1292047980  8.2 60 1028.1
1292048040  8.2 60 1028.2
1292048100  8.2 60 1028.1
1292048160  8.2 60 1028.0
1292048220  8.2 60 1027.9
1292048280  8.2 60 1027.9
1292048340  8.2 60 1027.9
1292048400  8.2 60 1027.7
1292048460  8.2 60 1027.6
1292048520  8.2 60 1027.7
1292048580  8.2 60 1027.7
1292048640  8.2 60 1027.6
1292048700  8.3 60 1027.8
1292048760  8.2 60 1027.8
1292048820  8.2 60 1028.0
1292048880  8.2 60 1028.0
1292048940  8.2 60 1028.1
1292049000  8.2 60 1028.1
1292049060  8.2 60 1028.1
1292049120  8.2 60 1028.1
1292049180  8.3 60 1028.1
1292049240  8.3 60 1028.1
1292049300  8.3 60 1028.0
1292049360  8.3 60 1027.9
1292049420  8.3 60 1028.0
1292049480  8.2 60 1028.1
1292049540  8.3 60 1028.1
1292049600  8.3 60 1028.1
1292049660  8.3 60 1028.1
1292049720  8.3 60 1028.1
1292049780  8.3 60 1028.2
1292049840  8.3 60 1028.2
1292049900  8.3 60 1028.2
1292049960  8.3 60 1028.1
1292050020  8.3 60 1028.1
1292050080  8.3 60 1028.2
1292050140  8.3 60 1028.2
1292050200  8.3 60 1028.2
1292050260  8.3 60 1028.2
1292050320  8.3 60 1028.2
1292050380  8.3 60 1028.2
1292050440  8.3 60 1028.3
1292050500  8.3 60 1028.2
1292050560  8.3 60 1028.2
1292050620  8.3 60 1028.2
1292050680  8.3 60 1028.2
1292050740  8.3 60 1028.2
1292050800  8.3 60 1028.2
1292050860  8.3 60 1028.2
1292050920  8.3 60 1028.2
1292050980  8.3 60 1028.2
1292051040  8.3 60 1028.2
1292051100  8.3 60 1028.2
1292051160  8.3 60 1028.2
1292051220  8.3 60 1028.2
1292051280  8.3 60 1028.2
1292051340  8.3 60 1028.2
1292051400  8.3 60 1028.2
1292051460  8.3 60 1028.2
1292051580  8.3 60 1028.3
1292051640  8.3 60 1028.3
1292051700  8.3 60 1028.4
1292051760  8.3 61 1028.3
1292051820  8.3 61 1028.3
1292051880  8.3 60 1028.3
1292051940  8.3 60 1028.3
1292052000  8.3 60 1028.3
1292052060  8.3 60 1028.3
1292052120  8.3 60 1028.3
1292052180  8.3 60 1028.3
1292052240  8.3 60 1028.3
1292052300  8.3 60 1028.3
1292052360  8.3 60 1028.3
1292052420  8.3 60 1028.3
1292052480  8.3 60 1028.3
1292052540  8.3 60 1028.4
1292052600  8.3 60 1028.3
1292052660  8.3 60 1028.3
1292052720  8.3 61 1028.3
1292052780  8.3 61 1028.4
1292052840  8.3 61 1028.4
1292052900  8.3 61 1028.4
1292052960  8.3 61 1028.4
1292053020  8.3 61 1028.4
1292053080  8.3 61 1028.4
1292053140  8.3 61 1028.4
1292053200  8.3 61 1028.4
1292053260  8.3 61 1028.4
1292053320  8.3 61 1028.4
1292053380  8.3 61 1028.4
1292053440  8.3 61 1028.3
1292053500  8.3 60 1028.2
1292053560  8.3 61 1028.1
1292053620  8.3 61 1028.2
1292053680  8.3 61 1028.2
1292053740  8.3 61 1028.2
1292053800  8.3 61 1028.2
1292053860  8.3 61 1028.2
1292053920  8.3 61 1028.2
1292053980  8.3 61 1028.2
1292054040  8.3 61 1028.2
1292054100  8.3 61 1028.2
1292054160  8.3 61 1028.2
1292054220  8.3 61 1028.0
1292054280  8.3 61 1028.0
1292054340  8.3 61 1027.9
1292054400  8.3 61 1027.9
1292054460  8.3 61 1027.9
1292054520  8.3 61 1027.9
1292054580  8.3 61 1027.9
1292054640  8.3 61 1027.9
1292054700  8.3 61 1027.8
1292054760  8.3 61 1027.8
1292054820  8.3 61 1027.7
1292054880  8.3 61 1027.8
1292054940  8.3 61 1027.7
1292055000  8.3 61 1027.7
1292055060  8.3 61 1027.7
1292055120  8.3 61 1027.8
1292055180  8.3 61 1027.9
1292055240  8.3 61 1027.9
1292055300  8.3 61 1028.0
1292055360  8.3 61 1028.0
1292055420  8.3 61 1027.9
1292055480  8.3 61 1028.0
1292055540  8.3 61 1028.1
1292055600  8.3 61 1028.0
1292055660  8.3 61 1028.0
1292055720  8.3 61 1028.0
1292055780  8.3 61 1028.0
1292055840  8.3 61 1028.1
1292055900  8.3 61 1028.0
1292055960  8.3 61 1027.8
1292056020  8.3 61 1027.8
1292056080  8.3 61 1027.8
1292056140  8.3 61 1027.9
1292056200  8.3 61 1027.9
1292056260  8.3 61 1027.9
1292056320  8.3 61 1027.9
1292056380  8.3 61 1027.7
1292056440  8.3 61 1027.7
1292056500  8.3 61 1027.7
1292056560  8.3 61 1027.7
1292056620  8.3 61 1027.7
1292056680  8.3 61 1027.7
1292056740  8.3 61 1027.8
1292056800  8.3 61 1027.8
1292056860  8.3 61 1027.8
1292056920  8.4 61 1027.8
1292056980  8.4 61 1028.0
1292057040  8.3 61 1028.0
1292057100  8.3 61 1028.0
1292057160  8.3 61 1027.9
1292057220  8.3 61 1027.9
1292057280  8.3 61 1028.0
1292057340  8.3 61 1028.1
1292057400  8.3 61 1028.2
1292057460  8.3 61 1028.2
1292057520  8.3 61 1028.2
1292057580  8.3 61 1028.1
1292057640  8.3 61 1028.2
1292057700  8.4 61 1028.1
1292057760  8.3 61 1028.2
1292057820  8.4 61 1028.2
1292057880  8.4 61 1028.2
1292057940  8.4 61 1028.2
1292058000  8.4 61 1028.3
1292058060  8.4 61 1028.3
1292058120  8.4 61 1028.2
1292058180  8.3 61 1028.1
1292058240  8.3 61 1028.1
1292058300  8.3 61 1028.2
1292058360  8.3 61 1028.2
1292058420  8.4 61 1028.2
1292058480  8.4 61 1028.0
1292058540  8.3 61 1027.9
1292058600  8.4 61 1027.8
1292058660  8.4 61 1027.8
1292058720  8.4 61 1028.0
1292058780  8.4 61 1028.0
1292058840  8.4 61 1028.0
1292058900  8.4 61 1028.0
1292058960  8.4 61 1027.9
1292059020  8.4 61 1027.9
1292059080  8.4 61 1028.0
1292059140  8.4 61 1028.0
1292059200  8.4 61 1027.9
1292059260  8.4 61 1027.8
1292059320  8.4 61 1027.8
1292059380  8.4 61 1027.8
1292059440  8.4 61 1027.8
1292059500  8.4 61 1027.8
1292059560  8.4 61 1027.8
1292059620  8.4 61 1027.8
1292059680  8.4 61 1027.9
1292059740  8.4 61 1027.9
1292059800  8.4 61 1027.8
1292059860  8.4 61 1027.8
1292059920  8.4 61 1027.8
1292059980  8.4 61 1027.8
1292060040  8.4 61 1027.8
1292060100  8.4 61 1027.7
1292060160  8.4 61 1027.8
1292060220  8.4 61 1027.8
1292060280  8.4 61 1027.7
1292060340  8.4 61 1027.6
1292060400  8.4 61 1027.8
1292060460  8.4 61 1027.8
1292060520  8.4 61 1027.8
1292060580  8.4 61 1027.8
1292060640  8.4 61 1027.8
1292060700  8.4 61 1027.9
1292060760  8.4 61 1027.9
1292060820  8.4 61 1027.8
1292060880  8.4 61 1027.9
1292060940  8.4 61 1027.9
1292061000  8.4 61 1027.8
1292061060  8.4 61 1027.9
1292061120  8.4 61 1027.9
1292061180  8.4 61 1027.9
1292061240  8.4 61 1027.9
1292061300  8.5 61 1027.9
1292061360  8.4 61 1027.8
1292061420  8.5 61 1027.8
1292061480  8.5 61 1027.8
1292061540  8.5 61 1027.7
1292061600  8.5 61 1027.7
1292061660  8.5 61 1027.7
1292061720  8.5 61 1027.7
1292061780  8.5 61 1027.7
1292061840  8.5 61 1027.7
1292061900  8.5 61 1027.8
1292061960  8.5 61 1027.8
1292062020  8.5 61 1027.7
1292062080  8.5 61 1027.9
1292062140  8.5 61 1027.8
1292062200  8.5 61 1027.7
1292062260  8.5 61 1027.8
1292062320  8.5 61 1027.8
1292062380  8.5 61 1027.8
1292062440  8.5 61 1027.8
1292062500  8.5 61 1027.8
1292062560  8.5 61 1027.8
1292062620  8.5 61 1027.8
1292062680  8.5 61 1027.7
1292062740  8.5 61 1027.8
1292062800  8.5 61 1027.8
1292062860  8.6 61 1027.8
1292062920  8.6 61 1027.8
1292062980  8.6 61 1027.8
1292063040  8.6 61 1027.8
1292063100  8.6 61 1027.7
1292063160  8.6 61 1027.8
1292063220  8.6 61 1027.7
1292063340  8.6 61 1027.9
1292063400  8.6 61 1027.8
1292063460  8.6 61 1027.8
1292063520  8.6 61 1027.8
1292063580  8.6 61 1027.8
1292063640  8.6 61 1027.8
1292063700  8.6 61 1027.7
1292063760  8.6 61 1027.6
1292063820  8.6 61 1027.7
1292063880  8.6 61 1027.7
1292063940  8.6 61 1027.6
1292064000  8.6 61 1027.6
1292064060  8.6 61 1027.7
1292064120  8.6 61 1027.7
1292064180  8.6 61 1027.7
1292064240  8.6 61 1027.7
1292064300  8.6 61 1027.5
1292064360  8.7 61 1027.5
1292064420  8.7 61 1027.6
1292064480  8.7 61 1027.6
1292064540  8.7 61 1027.6
1292064600  8.7 61 1027.6
1292064660  8.7 61 1027.6
1292064720  8.7 61 1027.6
1292064780  8.7 61 1027.6
1292064840  8.7 61 1027.6
1292064900  8.7 61 1027.3
1292064960  8.7 61 1027.4
1292065020  8.7 61 1027.4
1292065080  8.7 61 1027.4
1292065140  8.7 61 1027.4
1292065200  8.7 61 1027.4
1292065260  8.7 61 1027.3
1292065320  8.7 61 1027.3
1292065380  8.7 61 1027.3
1292065440  8.7 61 1027.3
1292065500  8.8 61 1027.3
1292065560  8.8 61 1027.3
1292065620  8.8 61 1027.3
1292065680  8.8 61 1027.3
1292065740  8.8 61 1027.3
1292065800  8.8 61 1027.2
1292065860  8.8 61 1027.2
1292065920  8.8 61 1027.2
1292065980  8.8 61 1027.2
1292066040  8.8 61 1027.2
1292066100  8.8 61 1027.2
1292066160  8.8 61 1027.2
1292066220  8.8 61 1027.2
1292066280  8.8 61 1027.1
1292066340  8.8 61 1027.1
1292066400  8.8 61 1027.1
1292066460  8.8 61 1027.1
1292066520  8.9 61 1027.1
1292066580  8.8 61 1027.1
1292066640  8.8 61 1027.1
1292066700  8.9 61 1027.2
1292066760  8.9 61 1027.2
1292066820  8.9 61 1027.1
1292066880  8.9 61 1027.1
1292066940  8.9 61 1027.1
1292067000  8.9 61 1027.1
1292067060  8.9 62 1027.1
1292067120  8.9 61 1027.2
1292067180  8.9 61 1027.2
1292067240  8.9 61 1027.2
1292067300  9.0 61 1027.3
1292067360  9.0 61 1027.2
1292067420  9.0 61 1027.1
1292067480  9.0 61 1027.1
1292067540  9.0 61 1027.1
1292067600  9.0 61 1027.1
1292067660  9.0 61 1027.1
1292067720  9.0 61 1027.1
1292067780  9.0 61 1027.1
1292067840  9.0 61 1027.1
1292067900  9.1 61 1027.1
1292067960  9.1 62 1027.0
1292068020  9.1 62 1027.0
1292068080  9.1 62 1027.0
1292068140  9.1 61 1027.0
1292068200  9.1 61 1027.0
1292068260  9.1 61 1027.0
1292068320  9.2 61 1027.0
1292068380  9.2 61 1027.0
1292068440  9.2 61 1027.1
1292068500  9.2 61 1027.1
1292068560  9.2 61 1027.1
1292068620  9.2 61 1027.1
1292068680  9.2 61 1027.1
1292068740  9.2 61 1027.1
1292068800  9.2 61 1027.1
1292068860  9.2 62 1027.1
1292068920  9.2 62 1027.0
1292068980  9.2 62 1026.9
1292069040  9.2 62 1027.0
1292069100  9.2 62 1027.0
1292069160  9.2 62 1027.0
1292069220  9.3 61 1027.0
1292069280  9.3 61 1027.0
1292069340  9.3 61 1027.1
1292069400  9.3 61 1027.1
1292069460  9.3 61 1027.1
1292069520  9.3 61 1027.0
1292069580  9.3 61 1027.0
1292069640  9.3 61 1026.9
1292069700  9.3 61 1026.9
1292069760  9.3 61 1026.9
1292069820  9.3 62 1026.8
1292069880  9.4 62 1026.8
1292069940  9.4 62 1026.8
1292070000  9.4 61 1026.7
1292070060  9.4 62 1026.8
1292070120  9.4 61 1026.8
1292070180  9.4 61 1026.8
1292070240  9.4 61 1026.7
1292070300  9.4 61 1026.7
1292070420  9.4 61 1026.6
1292070480  9.4 61 1026.6
1292070540  9.4 61 1026.6
1292070600  9.4 61 1026.6
1292070660  9.4 62 1026.6
1292070720  9.5 62 1026.5
1292070780  9.5 62 1026.5
1292070840  9.5 62 1026.5
1292070900  9.5 62 1026.5
1292070960  9.5 62 1026.5
1292071020  9.5 61 1026.6
1292071080  9.5 61 1026.6
1292071140  9.5 61 1026.7
1292071200  9.5 61 1026.7
1292071260  9.5 61 1026.8
1292071320  9.5 61 1026.6
1292071380  9.6 61 1026.5
1292071440  9.6 61 1026.6
1292071500  9.6 61 1026.6
1292071560  9.6 61 1026.6
1292071620  9.6 62 1026.5
1292071680  9.6 62 1026.4
1292071740  9.6 62 1026.4
1292071800  9.6 62 1026.5
1292071860  9.6 61 1026.6
1292071920  9.6 61 1026.5
1292071980  9.6 61 1026.5
1292072040  9.6 61 1026.4
1292072100  9.6 61 1026.4
1292072160  9.6 61 1026.4
1292072220  9.6 61 1026.5
1292072280  9.6 61 1026.6
1292072340  9.7 61 1026.5
1292072400  9.7 61 1026.5
1292072460  9.7 62 1026.4
1292072520  9.7 62 1026.4
1292072580  9.7 62 1026.4
1292072640  9.7 62 1026.3
1292072700  9.7 62 1026.3
1292072760  9.7 62 1026.3
1292072820  9.7 61 1026.4
1292072880  9.7 61 1026.4
1292072940  9.7 61 1026.4
1292073000  9.7 61 1026.4
1292073060  9.8 61 1026.3
1292073120  9.8 61 1026.4
1292073180  9.8 61 1026.2
1292073240  9.8 61 1026.4
1292073300  9.8 61 1026.4
1292073360  9.8 61 1026.4
1292073420  9.8 62 1026.4
1292073480  9.8 61 1026.4
1292073540  9.8 61 1026.5
1292073600  9.8 61 1026.6
1292073660  9.8 61 1026.6
1292073720  9.8 61 1026.5
1292073780  9.8 61 1026.6
1292073840  9.8 61 1026.6
1292073900  9.8 61 1026.5
1292073960  9.8 61 1026.5
1292074020  9.8 61 1026.5
1292074080  9.8 61 1026.3
1292074140  9.8 61 1026.3
1292074200  9.8 61 1026.3
1292074260  9.8 62 1026.4
1292074320  9.9 62 1026.3
1292074380  9.9 62 1026.3
1292074440  9.9 61 1026.3
1292074500  9.9 61 1026.3
1292074560  9.9 61 1026.3
1292074620  9.9 61 1026.3
1292074680  9.9 61 1026.3
1292074740  9.9 61 1026.4
1292074800  9.9 61 1026.3
1292074860 10.0 61 1026.2
1292074920  9.9 61 1026.3
1292074980  9.9 61 1026.2
1292075040  9.9 61 1026.2
1292075100 10.0 61 1026.2
1292075160 10.0 61 1026.2
1292075220 10.0 62 1026.3
1292075280 10.0 62 1026.1
1292075340 10.0 61 1026.2
1292075400 10.0 61 1026.1
1292075460 10.0 61 1026.2
1292075520 10.0 61 1026.2
1292075580 10.0 61 1026.2
1292075640 10.0 61 1026.2
1292075700 10.0 61 1026.2
1292075760 10.0 61 1026.2
1292075820 10.0 61 1026.2
1292075880 10.0 61 1026.2
1292075940 10.0 61 1026.2
1292076000 10.0 61 1026.1
1292076060 10.0 62 1026.2
1292076120 10.0 61 1026.1
1292076180 10.0 61 1026.3
1292076240 10.0 61 1026.3
1292076300 10.0 61 1026.2
1292076360 10.0 61 1026.2
1292076420 10.0 61 1026.2
1292076480 10.0 61 1026.1
1292076540 10.1 61 1026.1
1292076600 10.1 61 1026.2
1292076660 10.1 61 1026.2
1292076720 10.1 61 1026.1
1292076780 10.1 61 1026.1
1292076840 10.1 61 1026.2
1292076900 10.1 61 1026.1
1292076960 10.1 61 1026.1
1292077020 10.1 61 1026.1
1292077080 10.1 61 1026.1
1292077200 10.1 61 1026.1
1292077260 10.1 61 1026.1
1292077320 10.1 61 1026.2
1292077380 10.1 61 1026.1
1292077440 10.1 61 1026.2
1292077500 10.1 61 1026.1
1292077560 10.1 61 1026.1
1292077620 10.1 61 1026.1
1292077680 10.1 61 1026.0
1292077740 10.2 61 1026.0
1292077800 10.1 61 1025.9
1292077860 10.1 61 1025.9
1292077920 10.1 61 1025.8
1292077980 10.2 61 1025.8
1292078040 10.1 61 1025.8
1292078100 10.2 61 1025.8
1292078160 10.1 61 1025.9
1292078220 10.2 61 1025.8
1292078280 10.2 61 1025.8
1292078340 10.2 61 1025.8
1292078400 10.2 61 1025.8
1292078460 10.1 61 1025.9
1292078520 10.2 61 1025.9
1292078580 10.2 61 1025.9
1292078640 10.2 61 1025.9
1292078700 10.2 61 1025.8
1292078760 10.2 61 1025.9
1292078820 10.2 61 1025.9
1292078880 10.2 61 1025.9
1292078940 10.2 61 1025.9
1292079000 10.2 61 1025.8
1292079060 10.2 61 1025.8
1292079120 10.2 61 1025.8
1292079180 10.2 61 1025.8
1292079240 10.2 61 1025.8
1292079300 10.2 61 1025.8
1292079360 10.1 61 1025.8
1292079420 10.2 61 1025.7
1292079480 10.2 61 1025.7
1292079540 10.2 61 1025.7
1292079600 10.1 61 1025.8
1292079660 10.1 61 1025.8
1292079720 10.1 61 1025.8
1292079780 10.1 61 1025.7
1292079840 10.1 61 1025.8
1292079900 10.2 61 1025.7
1292079960 10.1 61 1025.8
1292080020 10.1 61 1025.8
1292080080 10.1 61 1025.8
1292080140 10.1 61 1025.8
1292080200 10.1 61 1025.7
1292080260 10.1 61 1025.7
1292080320 10.1 61 1025.8
1292080380 10.1 61 1025.8
1292080440 10.1 61 1025.8
1292080500 10.1 61 1025.8
1292080560 10.1 61 1025.7
1292080620 10.1 61 1025.7
1292080680 10.1 61 1025.7
1292080740 10.1 61 1025.7
1292080800 10.1 61 1025.7
1292080860 10.1 61 1025.7
1292080920 10.1 61 1025.7
1292080980 10.1 61 1025.7
1292081040 10.1 61 1025.8
1292081100 10.1 61 1025.7
1292081160 10.0 61 1025.8
1292081220 10.0 61 1025.7
1292081280 10.0 61 1025.7
1292081340 10.0 61 1025.7
1292081400 10.0 61 1025.7
1292081460 10.0 61 1025.6
1292081520 10.0 61 1025.7
1292081580 10.0 61 1025.6
1292081640 10.0 61 1025.7
1292081700 10.0 61 1025.6
1292081760 10.0 61 1025.7
1292081820 10.0 61 1025.7
1292081880 10.0 61 1025.7
1292081940 10.0 61 1025.7
1292082000 10.0 61 1025.7
1292082060 10.0 61 1025.6
1292082120 10.0 61 1025.7
1292082180 10.0 61 1025.7
1292082240 10.0 61 1025.7
1292082300 10.0 61 1025.7
1292082360 10.0 61 1025.7
1292082420 10.0 61 1025.7
1292082480 10.0 61 1025.7
1292082540 10.0 61 1025.7
1292082600 10.0 61 1025.6
1292082660 10.0 61 1025.6
1292082720 10.0 61 1025.6
1292082780 10.0 61 1025.6
1292082840 10.0 61 1025.5
1292082900 10.0 61 1025.6
1292082960 10.0 61 1025.6
1292083020 10.0 61 1025.5
1292083080 10.0 61 1025.5
1292083140 10.0 61 1025.5
1292083200 10.0 61 1025.4
1292083260 10.0 61 1025.5
1292083320 10.0 61 1025.4
1292083380 10.0 61 1025.4
1292083440 10.0 61 1025.4
1292083500 10.0 61 1025.4
1292083560 10.0 61 1025.5
1292083620 10.0 61 1025.5
1292083680 10.0 61 1025.5
1292083740 10.0 61 1025.5
1292083800 10.0 61 1025.4
1292083860 10.0 61 1025.4
1292083920 10.0 61 1025.3
1292083980 10.0 61 1025.3
1292084040 10.0 61 1025.3
1292084100 10.0 61 1025.3
1292084160  9.9 60 1025.3
1292084220  9.9 60 1025.3
1292084280  9.9 60 1025.3
1292084340  9.9 60 1025.3
1292084400  9.9 60 1025.3
1292084460  9.9 60 1025.3
1292084520  9.9 60 1025.4
1292084580  9.9 60 1025.4
1292084640  9.9 60 1025.4
1292084700  9.9 60 1025.3
1292084760  9.9 60 1025.3
1292084820  9.9 60 1025.3
1292084880  9.9 60 1025.3
1292084940  9.9 60 1025.3
1292085000  9.9 60 1025.3
1292085060  9.9 60 1025.2
1292085120  9.9 60 1025.2
1292085180  9.9 60 1025.2
1292085240  9.9 60 1025.3
1292085300  9.9 60 1025.1
1292085360  9.9 60 1025.3
1292085420  9.9 60 1025.2
1292085480  9.9 60 1025.2
1292085540  9.9 60 1025.2
1292085600  9.9 60 1025.2
1292085660  9.9 60 1025.2
1292085720  9.9 60 1025.2
1292085780  9.9 60 1025.2
1292085840  9.9 60 1025.2
1292085900  9.9 60 1025.3
1292085960  9.9 60 1025.3
1292086020  9.9 60 1025.2
1292086080  9.9 60 1025.2
1292086140  9.9 60 1025.2
1292086200  9.9 60 1025.3
1292086260  9.8 60 1025.2
1292086320  9.9 60 1025.3
1292086380  9.9 60 1025.2
1292086440  9.9 60 1025.3
1292086500  9.8 60 1025.3
1292086560  9.8 60 1025.3
1292086620  9.8 60 1025.3
1292086680  9.8 60 1025.3
1292086740  9.8 60 1025.3
1292086800  9.8 60 1025.2
1292086860  9.8 60 1025.2
1292086920  9.8 60 1025.2
1292086980  9.8 60 1025.1
1292087040  9.8 60 1025.2
1292087100  9.8 60 1025.2
1292087160  9.8 60 1025.2
1292087220  9.8 60 1025.1
1292087280  9.8 60 1025.1
1292087340  9.8 60 1025.1
1292087400  9.8 60 1025.2
1292087460  9.8 60 1025.1
1292087520  9.8 60 1025.1
1292087580  9.8 60 1025.1
1292087640  9.8 60 1025.1
1292087700  9.8 60 1025.1
1292087820  9.8 60 1025.1
1292087880  9.8 60 1025.1
1292087940  9.8 60 1025.1
1292088000  9.8 60 1025.0
1292088060  9.8 60 1025.0
1292088120  9.8 60 1025.0
1292088180  9.8 60 1025.0
1292088240  9.8 60 1025.0
1292088300  9.8 60 1025.0
1292088360  9.8 60 1025.0
1292088420  9.8 60 1025.0
1292088480  9.8 60 1025.0
1292088540  9.8 60 1025.0
1292088600  9.8 60 1025.0
1292088660  9.8 60 1025.0
1292088720  9.8 60 1025.1
1292088780  9.8 60 1025.0
1292088840  9.8 60 1025.0
1292088900  9.8 60 1025.0
1292088960  9.7 60 1025.0
1292089020  9.8 60 1025.0
1292089080  9.8 60 1025.0
1292089140  9.8 60 1025.0
1292089200  9.8 60 1025.0
1292089260  9.8 60 1025.0
1292089320  9.7 60 1025.0
1292089380  9.8 60 1024.9
1292089440  9.8 60 1025.0
1292089500  9.8 60 1025.0
1292089560  9.7 60 1024.9
1292089620  9.7 60 1024.9
1292089680  9.7 60 1025.0
1292089740  9.7 60 1025.0
1292089800  9.7 60 1025.0
1292089860  9.7 60 1025.0
1292089920  9.7 60 1025.0
1292089980  9.7 60 1025.0
1292090040  9.7 60 1025.0
1292090100  9.7 60 1025.0
1292090160  9.7 60 1024.9
1292090220  9.7 60 1025.0
1292090280  9.7 60 1025.0
1292090340  9.7 60 1025.0
1292090400  9.7 60 1025.0
1292090460  9.7 60 1025.0
1292090520  9.7 60 1025.1
1292090580  9.7 60 1025.1
1292090640  9.7 60 1025.1
1292090700  9.7 60 1025.0
1292090760  9.7 60 1025.0
1292090820  9.7 60 1025.0
1292090880  9.7 60 1025.0
1292090940  9.7 60 1025.0
1292091000  9.7 60 1025.0
1292091060  9.7 60 1025.0
1292091120  9.7 60 1024.9
1292091180  9.7 60 1024.9
1292091240  9.7 60 1025.0
1292091300  9.7 60 1025.0
1292091420  9.7 60 1025.0
1292091480  9.7 60 1024.9
1292091540  9.7 60 1024.9
1292091600  9.7 60 1024.9
1292091660  9.7 60 1024.9
1292091720  9.7 60 1024.9
1292091780  9.7 60 1025.0
1292091840  9.7 60 1025.0
1292091900  9.7 60 1025.0
1292091960  9.7 60 1025.0
1292092020  9.7 60 1024.9
1292092080  9.7 60 1024.9
1292092140  9.7 60 1024.9
1292092200  9.7 60 1024.9
1292092260  9.7 60 1024.9
1292092320  9.7 60 1024.9
1292092380  9.7 60 1025.0
1292092440  9.7 60 1024.9
1292092500  9.7 60 1025.0
1292092560  9.7 60 1025.0
1292092620  9.7 60 1025.0
1292092680  9.7 60 1025.0
1292092740  9.7 60 1025.0
1292092800  9.7 60 1025.0
1292092860  9.7 60 1025.0
1292092920  9.7 60 1025.0
1292092980  9.7 60 1025.1
1292093040  9.7 60 1025.0
1292093100  9.6 60 1025.0
1292093160  9.6 60 1025.1
1292093220  9.6 60 1025.1
1292093280  9.6 60 1025.1
1292093340  9.6 60 1025.1
1292093400  9.6 60 1025.1
1292093460  9.6 60 1025.1
1292093520  9.6 60 1025.1
1292093580  9.6 60 1025.2
1292093640  9.6 60 1025.2
1292093700  9.6 60 1025.2
1292093760  9.6 60 1025.2
1292093880  9.6 60 1025.1
1292093940  9.6 60 1025.1
1292094000  9.6 60 1025.1
1292094060  9.6 60 1025.1
1292094120  9.6 60 1025.2
1292094180  9.6 60 1025.0
1292094240  9.6 60 1024.9
1292094300  9.6 60 1024.9
1292094360  9.6 60 1024.9
1292094420  9.6 60 1024.9
1292094480  9.6 60 1025.0
1292094540  9.6 60 1025.0
1292094600  9.6 60 1025.0
1292094660  9.6 60 1025.0
1292094720  9.6 60 1025.0
1292094780  9.6 60 1025.0
1292094840  9.6 60 1025.0
1292094900  9.6 60 1024.9
1292095020  9.6 60 1024.9
1292095080  9.6 60 1025.0
1292095140  9.6 60 1025.0
1292095200  9.6 60 1025.0
1292095260  9.6 60 1025.0
1292095320  9.6 60 1025.0
1292095380  9.6 60 1024.9
1292095440  9.6 60 1024.9
1292095500  9.6 60 1024.9
1292095560  9.6 60 1024.9
1292095620  9.6 60 1024.9
1292095680  9.6 60 1024.8
1292095740  9.6 60 1024.8
1292095800  9.6 60 1024.8
1292095860  9.6 60 1024.8
1292095920  9.6 60 1024.8
1292095980  9.6 60 1024.8
1292096040  9.6 60 1024.8
1292096100  9.6 60 1024.8
1292096160  9.6 60 1024.9
1292096220  9.6 60 1024.7
1292096280  9.6 60 1024.7
1292096340  9.6 60 1024.8
1292096400  9.6 60 1024.8
1292096460  9.6 60 1024.8
1292096520  9.6 60 1024.8
1292096580  9.6 60 1024.8
1292096640  9.6 60 1024.8
1292096700  9.6 60 1024.8
1292096760  9.6 60 1024.8
1292096820  9.6 60 1024.8
1292096880  9.6 60 1024.8
1292096940  9.6 60 1024.8
1292097000  9.6 60 1024.7
1292097060  9.6 60 1024.7
1292097120  9.6 60 1024.7
1292097180  9.6 60 1024.6
1292097240  9.6 60 1024.6
1292097300  9.6 60 1024.7
1292097360  9.6 60 1024.6
1292097420  9.6 60 1024.7
1292097480  9.6 60 1024.7
1292097540  9.6 60 1024.7
1292097600  9.6 60 1024.6
1292097660  9.6 60 1024.6
1292097720  9.6 60 1024.6
1292097780  9.6 60 1024.6
1292097840  9.6 60 1024.6
1292097900  9.5 60 1024.7
1292097960  9.6 60 1024.6
1292098020  9.6 60 1024.7
1292098140  9.6 60 1024.7
1292098200  9.6 60 1024.7
1292098260  9.5 60 1024.7
1292098320  9.6 60 1024.6
1292098380  9.6 60 1024.6
1292098440  9.6 60 1024.6
1292098500  9.6 60 1024.7
1292098620  9.6 60 1024.6
1292098680  9.6 60 1024.7
1292098740  9.6 60 1024.6
1292098800  9.6 60 1024.7
1292098860  9.5 60 1024.6
1292098920  9.6 60 1024.7
1292098980  9.6 60 1024.7
1292099040  9.6 60 1024.7
1292099100  9.6 60 1024.7
1292099160  9.6 60 1024.6
1292099220  9.5 60 1024.7
1292099280  9.6 60 1024.7
1292099340  9.6 60 1024.7
1292099400  9.6 60 1024.7
1292099460  9.5 60 1024.7
1292099520  9.6 60 1024.7
1292099580  9.6 60 1024.7
1292099640  9.6 60 1024.7
1292099700  9.5 60 1024.7
1292099760  9.5 60 1024.7
1292099820  9.5 60 1024.7
1292099880  9.5 60 1024.7
1292099940  9.5 60 1024.6
1292100000  9.5 60 1024.7
1292100060  9.5 60 1024.6
1292100120  9.6 60 1024.6
1292100180  9.6 60 1024.6
1292100240  9.6 60 1024.6
1292100300  9.5 60 1024.7
1292100360  9.5 60 1024.7
1292100420  9.5 60 1024.6
1292100480  9.5 60 1024.6
1292100540  9.5 60 1024.6
1292100600  9.5 60 1024.6
1292100660  9.5 60 1024.7
1292100720  9.5 60 1024.7
1292100780  9.5 60 1024.7
1292100840  9.5 60 1024.7
1292100900  9.5 60 1024.7
1292100960  9.5 60 1024.7
1292101020  9.5 60 1024.7
1292101080  9.5 60 1024.7
1292101140  9.5 60 1024.7
1292101200  9.5 60 1024.7
1292101260  9.5 60 1024.7
1292101320  9.5 60 1024.6
1292101380  9.5 60 1024.6
1292101440  9.5 60 1024.6
1292101500  9.5 60 1024.6
1292101560  9.5 60 1024.5
1292101620  9.5 60 1024.6
1292101680  9.5 60 1024.6
1292101740  9.5 60 1024.7
1292101800  9.5 60 1024.7
1292101860  9.5 60 1024.7
1292101920  9.5 60 1024.7
1292101980  9.5 60 1024.7
1292102040  9.5 60 1024.7
1292102220  9.5 60 1024.8
1292102280  9.5 60 1024.8
1292102340  9.5 60 1024.7
1292102400  9.5 60 1024.7
1292102460  9.5 60 1024.7
1292102520  9.5 60 1024.7
1292102580  9.5 60 1024.7
1292102640  9.5 60 1024.7
1292102700  9.5 60 1024.6
1292102760  9.5 60 1024.7
1292102820  9.5 60 1024.7
1292102880  9.5 60 1024.7
1292102940  9.5 60 1024.8
1292103000  9.5 60 1024.7
1292103060  9.5 60 1024.7
1292103120  9.5 60 1024.8
1292103180  9.5 60 1024.8
1292103240  9.5 60 1024.8
1292103300  9.5 60 1024.8
1292103360  9.5 60 1024.8
1292103420  9.5 60 1024.7
1292103480  9.5 60 1024.9
1292103540  9.5 60 1024.7
1292103600  9.5 60 1024.9
1292103660  9.5 60 1024.8
1292103720  9.5 60 1024.9
1292103780  9.5 60 1024.9
1292103840  9.5 60 1024.9
1292103900  9.5 60 1024.7
1292103960  9.5 60 1024.7
1292104020  9.5 60 1024.5
1292104080  9.5 60 1024.6
1292104140  9.5 60 1024.6
1292104200  9.5 60 1024.6
1292104260  9.5 60 1024.7
1292104320  9.5 60 1024.7
1292104380  9.5 60 1024.7
1292104440  9.5 60 1024.7
1292104500  9.5 60 1024.7
1292104560  9.5 60 1024.6
1292104620  9.5 60 1024.6
1292104680  9.5 60 1024.6
1292104740  9.5 60 1024.6
1292104800  9.5 60 1024.6
1292104860  9.5 60 1024.6
1292104920  9.5 60 1024.6
1292104980  9.5 60 1024.6
1292105040  9.5 60 1024.6
1292105100  9.5 60 1024.6
1292105160  9.5 60 1024.6
1292105220  9.5 60 1024.5
1292105280  9.5 60 1024.5
1292105340  9.5 60 1024.6
1292105400  9.5 60 1024.6
1292105460  9.5 60 1024.5
1292105520  9.4 60 1024.6
1292105580  9.5 60 1024.6
1292105640  9.5 60 1024.6
1292105700  9.5 60 1024.6
1292105760  9.5 60 1024.4
1292105820  9.5 60 1024.4
1292105880  9.5 60 1024.5
1292105940  9.5 60 1024.5
1292106000  9.5 60 1024.5
1292106060  9.5 60 1024.5
1292106120  9.4 60 1024.5
1292106180  9.4 60 1024.5
1292106240  9.4 60 1024.5
1292106300  9.5 60 1024.6
1292106360  9.5 60 1024.6
1292106420  9.5 60 1024.6
1292106480  9.5 60 1024.6
1292106540  9.5 60 1024.6
1292106600  9.5 60 1024.6
1292106660  9.4 60 1024.6
1292106720  9.5 60 1024.6
1292106780  9.4 60 1024.6
1292106840  9.4 60 1024.6
1292106900  9.4 60 1024.7
1292106960  9.4 60 1024.6
1292107020  9.4 60 1024.7
1292107080  9.4 60 1024.6
1292107140  9.5 60 1024.5
1292107200  9.4 60 1024.6
1292107260  9.5 60 1024.4
1292107320  9.5 60 1024.5
1292107380  9.4 60 1024.5
1292107440  9.4 59 1024.4
1292107500  9.4 60 1024.4
1292107620  9.4 60 1024.5
1292107680  9.4 60 1024.5
1292107740  9.4 60 1024.5
1292107800  9.4 60 1024.5
1292107860  9.4 60 1024.5
1292107980  9.4 59 1024.6
1292108040  9.4 60 1024.5
1292108100  9.4 60 1024.5
1292108160  9.4 60 1024.5
1292108220  9.4 60 1024.5
1292108280  9.4 60 1024.4
1292108340  9.4 60 1024.4
1292108400  9.4 60 1024.5
1292108460  9.4 60 1024.5
1292108520  9.4 60 1024.4
1292108580  9.4 59 1024.4
1292108640  9.4 59 1024.4
1292108700  9.4 60 1024.4
1292108760  9.4 60 1024.4
1292108820  9.4 60 1024.4
1292108880  9.4 60 1024.4
1292108940  9.4 60 1024.5
1292109000  9.4 60 1024.5
1292109060  9.4 59 1024.4
1292109120  9.4 59 1024.4
1292109180  9.4 59 1024.4
1292109240  9.4 59 1024.4
1292109300  9.4 60 1024.5
1292109360  9.4 60 1024.5
1292109420  9.4 59 1024.5
1292109480  9.4 59 1024.4
1292109540  9.4 59 1024.3
1292109600  9.4 59 1024.3
1292109660  9.4 59 1024.4
1292109720  9.4 59 1024.4
1292109780  9.4 59 1024.4
1292109840  9.4 59 1024.4
1292109900  9.4 59 1024.4
1292109960  9.4 59 1024.4
1292110020  9.4 59 1024.4
1292110080  9.4 59 1024.4
1292110140  9.4 59 1024.4
1292110200  9.4 59 1024.4
1292110260  9.4 59 1024.4
1292110320  9.4 59 1024.5
1292110380  9.4 59 1024.4
1292110440  9.4 59 1024.3
1292110500  9.4 59 1024.3
1292110560  9.4 59 1024.3
1292110620  9.4 59 1024.3
1292110680  9.4 59 1024.3
1292110740  9.4 59 1024.4
1292110800  9.4 59 1024.3
1292110860  9.4 59 1024.4
1292110920  9.4 59 1024.3
1292110980  9.4 59 1024.3
1292111040  9.4 59 1024.3
1292111100  9.4 59 1024.4
1292111160  9.4 59 1024.4
1292111220  9.4 60 1024.4
1292111280  9.4 60 1024.4
1292111340  9.4 60 1024.4
1292111400  9.4 60 1024.4
1292111460  9.4 60 1024.4
1292111520  9.4 60 1024.3
1292111580  9.4 60 1024.4
1292111640  9.4 60 1024.4
1292111700  9.4 60 1024.4
1292111760  9.4 60 1024.4
1292111820  9.5 60 1024.4
1292111880  9.5 60 1024.4
1292111940  9.5 60 1024.4
