1292457600  8.6 60 1027.8
1292457660  8.5 60 1027.8
1292457720  8.5 60 1027.8
1292457780  8.5 60 1027.8
1292457840  8.5 60 1027.8
1292457900  8.5 60 1027.7
1292457960  8.5 60 1027.7
1292458020  8.5 60 1027.6
1292458080  8.5 60 1027.6
1292458140  8.5 60 1027.6
1292458200  8.5 60 1027.4
1292458260  8.5 60 1027.4
1292458320  8.5 60 1027.3
1292458380  8.5 60 1027.3
1292458440  8.5 60 1027.4
1292458500  8.5 60 1027.4
1292458560  8.5 60 1027.4
1292458620  8.5 60 1027.4
1292458680  8.5 60 1026.9
1292458740  8.5 60 1026.9
1292458800  8.6 60 1026.8
1292458920  8.6 60 1026.8
1292458980  8.6 60 1027.0
1292459040  8.5 60 1027.0
1292459100  8.6 60 1026.9
1292459160  8.6 60 1026.9
1292459220  8.6 60 1026.8
1292459280  8.6 60 1026.8
1292459340  8.5 60 1026.8
1292459400  8.5 60 1026.9
1292459460  8.6 60 1026.8
1292459520  8.6 60 1026.9
1292459580  8.6 60 1026.7
1292459640  8.6 60 1026.7
1292459700  8.6 60 1026.7
1292459760  8.6 60 1026.7
1292459820  8.6 60 1026.6
1292459880  8.6 60 1026.5
1292459940  8.6 60 1026.4
1292460000  8.6 60 1026.5
1292460060  8.6 60 1026.5
1292460120  8.6 60 1026.4
1292460180  8.6 60 1026.4
1292460240  8.6 60 1026.4
1292460300  8.6 60 1026.4
1292460360  8.6 60 1026.4
1292460420  8.6 60 1026.3
1292460480  8.5 60 1026.2
1292460540  8.6 60 1026.3
1292460600  8.6 60 1026.2
1292460660  8.6 60 1026.2
1292460720  8.6 60 1026.2
1292460780  8.6 60 1026.1
1292460840  8.6 60 1026.0
1292460900  8.6 60 1026.0
1292460960  8.6 60 1026.0
1292461020  8.6 60 1026.1
1292461080  8.6 60 1026.0
1292461140  8.6 60 1026.1
1292461200  8.6 60 1025.9
1292461260  8.6 60 1025.8
1292461320  8.6 60 1025.8
1292461380  8.6 60 1025.7
1292461440  8.5 60 1025.7
1292461500  8.5 59 1025.7
1292461560  8.5 59 1025.7
1292461620  8.6 60 1025.7
1292461680  8.6 60 1025.8
1292461740  8.6 60 1025.7
1292461800  8.5 60 1025.7
1292461860  8.6 60 1025.7
1292461920  8.6 60 1025.6
1292461980  8.6 60 1025.6
1292462040  8.6 59 1025.5
1292462100  8.6 60 1025.5
1292462160  8.6 60 1025.5
1292462220  8.5 60 1025.5
1292462280  8.6 60 1025.5
1292462340  8.6 60 1025.5
1292462400  8.6 60 1025.4
1292462460  8.5 60 1025.4
1292462520  8.6 60 1025.3
1292462580  8.5 60 1025.3
1292462640  8.6 60 1025.3
1292462700  8.6 60 1025.3
1292462760  8.6 60 1025.3
1292462820  8.5 60 1025.1
1292462940  8.6 60 1025.1
1292463000  8.6 60 1024.9
1292463060  8.6 60 1024.9
1292463120  8.6 60 1024.7
1292463180  8.6 60 1024.7
1292463240  8.6 59 1024.8
1292463300  8.6 60 1024.8
1292463360  8.6 60 1024.8
1292463420  8.6 60 1024.7
1292463480  8.5 60 1024.7
1292463540  8.6 60 1024.6
1292463660  8.5 60 1024.5
1292463720  8.6 60 1024.5
1292463840  8.6 60 1024.5
1292463900  8.6 60 1024.5
1292463960  8.6 60 1024.5
1292464020  8.6 60 1024.5
1292464140  8.6 60 1024.2
1292464200  8.6 60 1024.0
1292464260  8.6 60 1024.2
1292464320  8.6 59 1024.1
1292464380  8.6 59 1024.2
1292464440  8.6 59 1024.1
1292464500  8.6 59 1024.0
1292464560  8.6 59 1024.0
1292464620  8.6 59 1023.9
1292464680  8.6 60 1023.9
1292464740  8.6 59 1023.9
1292464800  8.6 59 1023.8
1292464860  8.6 59 1023.7
1292464920  8.5 59 1023.8
1292464980  8.6 59 1023.6
1292465040  8.6 59 1023.5
1292465100  8.6 60 1023.5
1292465160  8.6 60 1023.5
1292465220  8.6 59 1023.4
1292465280  8.6 59 1023.4
1292465340  8.6 59 1023.3
1292465400  8.6 60 1023.3
1292465460  8.6 59 1023.4
1292465520  8.6 59 1023.3
1292465580  8.6 60 1023.3
1292465640  8.6 59 1023.3
1292465700  8.5 59 1023.3
1292465760  8.5 59 1023.3
1292465820  8.5 59 1023.3
1292465880  8.6 59 1023.4
1292465940  8.6 59 1023.3
1292466000  8.6 59 1023.4
1292466060  8.6 60 1023.3
1292466120  8.6 59 1023.3
1292466180  8.6 59 1023.2
1292466240  8.6 59 1023.2
1292466300  8.6 59 1023.2
1292466360  8.6 59 1023.2
1292466420  8.6 59 1023.2
1292466480  8.6 59 1023.2
1292466540  8.6 59 1023.1
1292466600  8.5 59 1023.1
1292466660  8.6 59 1023.1
1292466720  8.6 59 1023.0
1292466780  8.6 59 1023.1
1292466840  8.6 59 1023.0
1292466900  8.6 59 1022.9
1292466960  8.6 59 1022.9
1292467020  8.6 59 1022.9
1292467080  8.6 59 1022.8
1292467140  8.6 60 1022.7
1292467200  8.6 59 1022.8
1292467260  8.6 60 1022.8
1292467320  8.6 59 1022.8
1292467380  8.6 60 1022.8
1292467440  8.6 59 1022.8
1292467500  8.6 59 1022.8
1292467560  8.6 59 1022.8
1292467620  8.6 59 1022.8
1292467680  8.5 59 1022.8
1292467740  8.6 59 1022.8
1292467800  8.6 60 1022.8
1292467860  8.5 60 1022.7
1292467920  8.5 59 1022.6
1292467980  8.5 59 1022.5
1292468040  8.6 60 1022.4
1292468100  8.6 60 1022.4
1292468160  8.6 59 1022.3
1292468220  8.6 59 1022.4
1292468280  8.5 59 1022.4
1292468340  8.5 59 1022.4
1292468400  8.6 60 1022.2
1292468460  8.5 59 1022.2
1292468520  8.6 59 1022.2
1292468580  8.5 60 1022.1
1292468640  8.5 59 1022.1
1292468700  8.6 59 1022.0
1292468760  8.5 59 1021.9
1292468820  8.5 60 1021.9
1292468880  8.5 60 1021.9
1292468940  8.5 60 1021.9
1292469000  8.5 59 1021.8
1292469060  8.6 59 1021.6
1292469120  8.5 59 1021.7
1292469180  8.5 59 1021.7
1292469240  8.5 60 1021.7
1292469360  8.5 59 1021.8
1292469420  8.5 60 1021.8
1292469480  8.6 60 1021.8
1292469540  8.6 60 1021.8
1292469600  8.6 59 1021.8
1292469660  8.5 59 1021.7
1292469720  8.5 59 1021.6
1292469780  8.5 60 1021.6
1292469840  8.5 59 1021.7
1292469900  8.5 59 1021.7
1292469960  8.5 60 1021.7
1292470020  8.6 60 1021.6
1292470080  8.6 60 1021.6
1292470140  8.6 60 1021.6
1292470200  8.5 60 1021.4
1292470260  8.6 59 1021.5
1292470320  8.6 59 1021.5
1292470380  8.6 60 1021.5
1292470440  8.5 59 1021.5
1292470500  8.6 59 1021.6
1292470560  8.6 60 1021.5
1292470620  8.5 60 1021.4
1292470680  8.6 60 1021.4
1292470740  8.6 60 1021.4
1292470800  8.5 59 1021.4
1292470860  8.6 59 1021.3
1292470920  8.5 59 1021.4
1292470980  8.5 59 1021.4
1292471040  8.6 59 1021.4
1292471100  8.5 59 1021.3
1292471160  8.5 59 1021.2
1292471220  8.6 59 1021.2
1292471280  8.5 59 1021.2
1292471340  8.5 59 1021.2
1292471400  8.5 59 1021.0
1292471460  8.6 60 1020.9
1292471520  8.5 59 1020.9
1292471580  8.6 59 1020.9
1292471640  8.5 59 1020.8
1292471760  8.6 59 1020.9
1292471820  8.6 59 1020.8
1292471880  8.6 59 1020.8
1292471940  8.6 59 1020.8
1292472000  8.6 59 1020.5
1292472060  8.6 59 1020.5
1292472120  8.6 59 1020.4
1292472180  8.6 59 1020.4
1292472240  8.6 59 1020.4
1292472360  8.5 59 1020.4
1292472420  8.6 59 1020.3
1292472480  8.5 59 1020.3
1292472540  8.5 59 1020.3
1292472600  8.6 60 1020.2
1292472660  8.5 60 1020.2
1292472720  8.5 59 1020.2
1292472780  8.5 59 1020.2
1292472840  8.5 59 1020.2
1292472900  8.5 60 1020.2
1292472960  8.5 60 1020.3
1292473020  8.6 60 1020.1
1292473080  8.6 60 1020.1
1292473140  8.6 60 1020.1
1292473200  8.5 60 1020.0
1292473260  8.5 59 1019.9
1292473320  8.5 60 1019.9
1292473380  8.5 59 1019.7
1292473440  8.5 60 1019.7
1292473500  8.5 60 1019.7
1292473560  8.5 59 1019.7
1292473620  8.6 60 1019.6
1292473680  8.6 60 1019.6
1292473740  8.6 60 1019.6
1292473800  8.6 60 1019.5
1292473860  8.6 60 1019.5
1292473920  8.6 59 1019.5
1292473980  8.6 60 1019.4
1292474040  8.5 60 1019.5
1292474100  8.6 59 1019.4
1292474160  8.6 60 1019.4
1292474220  8.6 60 1019.3
1292474280  8.6 59 1019.3
1292474340  8.6 59 1019.3
1292474400  8.6 59 1019.3
1292474460  8.6 60 1019.1
1292474520  8.6 60 1019.1
1292474580  8.6 60 1019.0
1292474640  8.6 59 1018.9
1292474700  8.6 59 1018.9
1292474760  8.5 60 1018.8
1292474820  8.5 60 1019.0
1292474880  8.5 60 1019.0
1292474940  8.5 60 1019.0
1292475000  8.5 60 1019.0
1292475060  8.6 60 1018.8
1292475120  8.6 59 1018.8
1292475180  8.5 60 1018.8
1292475240  8.6 60 1018.8
1292475300  8.6 60 1018.8
1292475360  8.6 60 1018.8
1292475420  8.6 60 1018.8
1292475480  8.6 60 1018.8
1292475540  8.6 60 1018.8
1292475600  8.6 60 1018.8
1292475660  8.5 60 1018.8
1292475720  8.6 60 1018.8
1292475780  8.5 60 1018.8
1292475840  8.5 60 1018.9
1292475900  8.5 60 1018.8
1292475960  8.5 60 1018.8
1292476020  8.5 60 1018.7
1292476080  8.5 60 1018.7
1292476140  8.5 60 1018.7
1292476200  8.5 60 1018.6
1292476260  8.6 60 1018.5
1292476320  8.5 60 1018.4
1292476380  8.5 60 1018.4
1292476440  8.5 60 1018.4
1292476500  8.5 59 1018.4
1292476560  8.5 60 1018.4
1292476620  8.5 60 1018.4
1292476680  8.5 60 1018.4
1292476740  8.5 60 1018.4
1292476800  8.6 60 1018.1
1292476860  8.5 60 1018.2
1292476920  8.6 60 1018.2
1292476980  8.6 60 1018.1
1292477100  8.5 60 1018.0
1292477160  8.5 60 1017.9
1292477220  8.5 60 1017.9
1292477280  8.5 60 1017.9
1292477340  8.5 60 1017.9
1292477400  8.6 60 1017.8
1292477460  8.5 60 1017.8
1292477520  8.6 60 1017.8
1292477580  8.5 60 1017.7
1292477640  8.6 60 1017.7
1292477700  8.6 60 1017.7
1292477760  8.5 60 1017.7
1292477820  8.6 60 1017.5
1292477880  8.5 60 1017.4
1292477940  8.6 60 1017.5
1292478000  8.6 60 1017.5
1292478060  8.6 60 1017.5
1292478120  8.6 60 1017.3
1292478180  8.6 60 1017.4
1292478240  8.6 60 1017.3
1292478300  8.6 60 1017.2
1292478360  8.6 60 1017.3
1292478420  8.6 60 1017.2
1292478480  8.6 60 1017.2
1292478540  8.6 60 1017.1
1292478600  8.6 60 1017.1
1292478660  8.6 60 1017.1
1292478720  8.6 60 1017.1
1292478780  8.6 60 1016.9
1292478840  8.6 60 1016.8
1292478900  8.6 60 1016.9
1292478960  8.6 60 1016.6
1292479020  8.6 60 1016.7
1292479080  8.6 60 1016.7
1292479140  8.6 60 1016.6
1292479200  8.6 60 1016.7
1292479260  8.6 60 1016.7
1292479320  8.6 60 1016.7
1292479380  8.6 60 1016.4
1292479440  8.6 60 1016.4
1292479500  8.6 60 1016.4
1292479560  8.6 60 1016.4
1292479620  8.6 60 1016.4
1292479680  8.5 60 1016.3
1292479740  8.5 60 1016.4
1292479800  8.6 60 1016.3
1292479860  8.6 60 1016.3
1292479920  8.5 60 1016.3
1292479980  8.6 60 1016.2
1292480040  8.6 60 1016.1
1292480100  8.6 60 1016.1
1292480160  8.6 60 1016.1
1292480220  8.5 60 1016.0
1292480280  8.6 60 1016.0
1292480340  8.5 60 1016.1
1292480400  8.6 60 1015.9
1292480460  8.6 60 1015.9
1292480520  8.6 60 1015.9
1292480580  8.5 60 1015.9
1292480640  8.6 60 1015.9
1292480700  8.6 60 1015.9
1292480760  8.6 60 1015.9
1292480820  8.6 60 1015.8
1292480880  8.6 60 1015.8
1292480940  8.6 60 1015.7
1292481000  8.6 60 1015.6
1292481060  8.6 60 1015.6
1292481120  8.6 60 1015.6
1292481180  8.6 60 1015.6
1292481240  8.6 60 1015.7
1292481300  8.6 60 1015.7
1292481360  8.6 60 1015.6
1292481420  8.6 60 1015.6
1292481480  8.6 60 1015.6
1292481540  8.6 60 1015.6
1292481600  8.6 60 1015.6
1292481660  8.6 60 1015.6
1292481720  8.6 60 1015.6
1292481780  8.6 60 1015.6
1292481840  8.6 60 1015.6
1292481900  8.6 60 1015.6
1292481960  8.6 60 1015.5
1292482020  8.6 60 1015.4
1292482080  8.6 60 1015.4
1292482140  8.6 60 1015.4
1292482200  8.6 60 1015.4
1292482260  8.6 60 1015.4
1292482320  8.6 60 1015.4
1292482380  8.6 60 1015.3
1292482440  8.6 60 1015.2
1292482500  8.6 60 1015.0
1292482560  8.6 60 1015.1
1292482620  8.6 60 1015.0
1292482680  8.6 60 1015.0
1292482740  8.6 60 1015.0
1292482800  8.6 60 1015.0
1292482860  8.6 60 1015.0
1292482920  8.6 60 1015.0
1292482980  8.6 60 1015.0
1292483040  8.6 60 1015.0
1292483100  8.6 60 1014.8
1292483160  8.6 60 1014.8
1292483220  8.6 60 1014.7
1292483280  8.6 60 1014.7
1292483340  8.6 60 1014.7
1292483400  8.6 60 1014.7
1292483460  8.6 60 1014.7
1292483520  8.6 60 1014.4
1292483580  8.6 60 1014.4
1292483640  8.6 60 1014.5
1292483700  8.6 60 1014.4
1292483760  8.6 60 1014.3
1292483820  8.6 60 1014.4
1292483880  8.6 60 1014.3
1292483940  8.6 60 1014.3
1292484000  8.6 60 1014.3
1292484060  8.6 60 1014.3
1292484120  8.6 60 1014.2
1292484180  8.6 60 1014.0
1292484240  8.6 60 1014.0
1292484300  8.6 60 1013.9
1292484360  8.6 60 1013.9
1292484420  8.6 60 1013.8
1292484480  8.6 60 1013.8
1292484540  8.6 60 1013.8
1292484600  8.6 60 1013.7
1292484660  8.6 60 1013.7
1292484720  8.6 60 1013.7
1292484780  8.6 60 1013.5
1292484840  8.6 60 1013.5
1292484900  8.6 60 1013.5
1292484960  8.6 60 1013.5
1292485020  8.6 60 1013.5
1292485080  8.6 60 1013.5
1292485140  8.6 60 1013.4
1292485200  8.6 60 1013.5
1292485260  8.6 60 1013.5
1292485320  8.6 60 1013.5
1292485380  8.6 60 1013.3
1292485440  8.6 60 1013.4
1292485500  8.6 60 1013.4
1292485560  8.6 60 1013.4
1292485620  8.6 60 1013.3
1292485680  8.6 60 1013.4
1292485740  8.6 60 1013.3
1292485800  8.6 60 1013.3
1292485860  8.6 60 1013.3
1292485920  8.6 60 1013.3
1292485980  8.6 60 1013.2
1292486040  8.6 60 1013.1
1292486100  8.6 60 1013.1
1292486160  8.6 60 1012.9
1292486220  8.6 60 1012.9
1292486280  8.6 60 1012.8
1292486340  8.6 60 1012.8
1292486400  8.6 60 1012.7
1292486460  8.6 60 1012.7
1292486520  8.6 60 1012.7
1292486580  8.6 60 1012.7
1292486640  8.6 60 1012.7
1292486700  8.6 60 1012.7
1292486760  8.6 60 1012.7
1292486820  8.6 60 1012.6
1292486880  8.6 60 1012.6
1292486940  8.6 60 1012.6
1292487000  8.6 60 1012.7
1292487060  8.6 60 1012.7
1292487120  8.6 60 1012.7
1292487180  8.6 60 1012.6
1292487240  8.6 60 1012.5
1292487300  8.6 60 1012.5
1292487360  8.6 60 1012.4
1292487420  8.6 60 1012.4
1292487480  8.6 60 1012.4
1292487540  8.6 60 1012.4
1292487600  8.6 60 1012.4
1292487660  8.6 60 1012.4
1292487720  8.6 60 1012.4
1292487780  8.6 60 1012.4
1292487840  8.6 60 1012.4
1292487900  8.6 60 1012.3
1292487960  8.6 60 1012.2
1292488020  8.6 60 1012.2
1292488080  8.6 60 1012.2
1292488140  8.6 60 1012.2
1292488200  8.6 60 1011.9
1292488260  8.6 60 1011.9
1292488320  8.6 60 1011.8
1292488380  8.6 60 1011.8
1292488440  8.6 60 1011.8
1292488500  8.6 60 1011.7
1292488560  8.6 60 1011.7
1292488620  8.6 60 1011.6
1292488680  8.6 60 1011.6
1292488740  8.6 60 1011.6
1292488800  8.6 60 1011.6
1292488860  8.6 60 1011.3
1292488920  8.6 60 1011.3
1292488980  8.6 60 1011.3
1292489040  8.6 60 1011.3
1292489100  8.6 60 1011.3
1292489160  8.6 60 1011.2
1292489220  8.6 60 1011.2
1292489280  8.6 60 1011.1
1292489340  8.6 60 1011.2
1292489400  8.6 60 1011.2
1292489460  8.6 60 1011.1
1292489520  8.6 60 1011.2
1292489580  8.6 60 1011.2
1292489640  8.6 60 1011.2
1292489700  8.6 60 1011.1
1292489760  8.6 60 1011.0
1292489820  8.6 60 1011.0
1292489880  8.6 60 1011.0
1292489940  8.6 60 1011.0
1292490000  8.6 60 1010.9
1292490060  8.6 60 1010.9
1292490120  8.6 60 1010.8
1292490180  8.6 60 1010.8
1292490240  8.6 60 1010.8
1292490300  8.6 60 1010.6
1292490360  8.6 60 1010.5
1292490420  8.6 60 1010.5
1292490480  8.6 60 1010.5
1292490540  8.6 60 1010.5
1292490600  8.6 60 1010.6
1292490660  8.6 60 1010.5
1292490720  8.6 60 1010.4
1292490780  8.6 60 1010.4
1292490840  8.6 60 1010.4
1292490900  8.6 60 1010.4
1292490960  8.6 60 1010.3
1292491020  8.6 60 1010.3
1292491080  8.6 60 1010.3
1292491140  8.6 60 1010.3
1292491200  8.6 60 1010.4
1292491260  8.6 60 1010.3
1292491320  8.6 60 1010.2
1292491380  8.6 60 1010.2
1292491440  8.6 60 1010.2
1292491500  8.6 60 1010.2
1292491560  8.6 60 1010.1
1292491620  8.6 60 1010.1
1292491680  8.6 60 1010.1
1292491740  8.6 60 1010.0
1292491800  8.6 60 1010.0
1292491860  8.6 60 1009.9
1292491920  8.6 60 1009.9
1292491980  8.6 60 1009.9
1292492040  8.6 60 1009.9
1292492100  8.6 60 1009.9
1292492160  8.6 60 1009.8
1292492220  8.6 60 1009.9
1292492280  8.6 60 1009.8
1292492340  8.6 60 1009.8
1292492460  8.6 60 1009.8
1292492520  8.6 60 1009.7
1292492580  8.6 60 1009.7
1292492640  8.6 60 1009.7
1292492700  8.6 60 1009.6
1292492760  8.6 61 1009.6
1292492820  8.6 60 1009.7
1292492880  8.6 60 1009.6
1292492940  8.6 60 1009.5
1292493000  8.6 60 1009.4
1292493060  8.6 60 1009.4
1292493120  8.6 60 1009.4
1292493180  8.6 60 1009.4
1292493240  8.6 60 1009.4
1292493300  8.6 60 1009.4
1292493360  8.6 60 1009.2
1292493420  8.6 60 1009.2
1292493480  8.6 60 1009.2
1292493540  8.6 60 1009.1
1292493600  8.6 60 1009.2
1292493660  8.6 60 1009.1
1292493720  8.6 60 1009.1
1292493780  8.6 60 1009.1
1292493840  8.6 60 1009.1
1292493900  8.6 60 1009.1
1292493960  8.6 60 1009.1
1292494020  8.6 60 1009.0
1292494080  8.6 60 1008.9
1292494140  8.6 60 1009.0
1292494200  8.6 60 1008.9
1292494260  8.6 60 1008.8
1292494320  8.6 60 1008.8
1292494380  8.6 60 1008.8
1292494440  8.6 60 1008.8
1292494500  8.6 60 1008.6
1292494560  8.6 61 1008.5
1292494620  8.6 60 1008.5
1292494680  8.6 60 1008.4
1292494740  8.6 60 1008.4
1292494800  8.6 60 1008.3
1292494860  8.6 60 1008.3
1292494920  8.6 60 1008.3
1292494980  8.6 60 1008.3
1292495040  8.6 60 1008.3
1292495100  8.6 60 1008.2
1292495160  8.6 60 1008.1
1292495220  8.6 60 1008.1
1292495280  8.6 60 1008.1
1292495340  8.6 60 1008.1
1292495400  8.6 60 1008.1
1292495460  8.6 61 1008.0
1292495520  8.6 61 1007.9
1292495580  8.6 61 1007.9
1292495640  8.6 61 1007.9
1292495700  8.6 61 1008.0
1292495760  8.6 60 1007.9
1292495820  8.6 61 1007.8
1292495880  8.6 61 1007.8
1292495940  8.6 61 1007.7
1292496000  8.7 60 1007.7
1292496060  8.6 60 1007.7
1292496120  8.6 60 1007.6
1292496180  8.6 60 1007.6
1292496240  8.6 60 1007.6
1292496300  8.6 60 1007.5
1292496360  8.6 61 1007.5
1292496420  8.6 61 1007.2
1292496480  8.6 61 1007.2
1292496540  8.6 61 1007.2
1292496600  8.6 61 1007.3
1292496660  8.6 61 1007.2
1292496720  8.6 61 1007.2
1292496780  8.6 61 1007.2
1292496840  8.6 61 1007.2
1292496900  8.6 61 1007.1
1292496960  8.6 61 1007.2
1292497020  8.6 61 1007.1
1292497080  8.6 61 1007.1
1292497140  8.6 61 1007.1
1292497200  8.6 61 1007.1
1292497260  8.6 61 1007.0
1292497320  8.6 61 1007.1
1292497380  8.6 61 1007.0
1292497440  8.6 61 1006.9
1292497500  8.6 61 1006.9
1292497560  8.6 61 1006.9
1292497620  8.6 61 1006.9
1292497680  8.6 61 1006.8
1292497740  8.6 61 1006.8
1292497800  8.6 61 1006.7
1292497860  8.6 61 1006.7
1292497920  8.6 61 1006.6
1292497980  8.6 61 1006.5
1292498040  8.6 61 1006.6
1292498100  8.6 61 1006.6
1292498160  8.6 61 1006.6
1292498220  8.6 61 1006.4
1292498280  8.6 61 1006.2
1292498340  8.6 61 1006.3
1292498400  8.7 61 1006.3
1292498460  8.7 61 1006.2
1292498520  8.6 61 1006.3
1292498580  8.7 61 1006.3
1292498640  8.6 61 1006.2
1292498700  8.6 61 1006.2
1292498760  8.6 61 1006.2
1292498820  8.7 61 1006.2
1292498880  8.7 61 1006.1
1292498940  8.7 61 1006.1
1292499000  8.7 61 1006.1
1292499060  8.7 61 1006.1
1292499120  8.7 61 1006.0
1292499180  8.6 61 1006.0
1292499240  8.7 61 1005.9
1292499300  8.6 61 1005.9
1292499360  8.6 61 1005.9
1292499420  8.6 61 1005.8
1292499480  8.7 61 1005.6
1292499540  8.7 61 1005.6
1292499600  8.7 61 1005.5
1292499660  8.7 61 1005.5
1292499720  8.6 61 1005.5
1292499780  8.7 61 1005.4
1292499840  8.7 61 1005.4
1292499900  8.7 61 1005.4
1292499960  8.7 61 1005.4
1292500020  8.6 61 1005.4
1292500080  8.6 61 1005.4
1292500140  8.6 61 1005.3
1292500200  8.6 61 1005.1
1292500260  8.7 61 1005.2
1292500320  8.7 61 1005.1
1292500380  8.7 61 1005.2
1292500440  8.7 61 1005.1
1292500500  8.7 61 1005.1
1292500560  8.7 61 1005.1
1292500620  8.6 61 1005.0
1292500680  8.7 61 1004.9
1292500740  8.7 61 1004.9
1292500800  8.7 61 1005.0
1292500860  8.7 61 1004.9
1292500920  8.6 61 1004.8
1292500980  8.6 61 1004.7
1292501040  8.7 61 1004.7
1292501100  8.7 61 1004.7
1292501160  8.7 61 1004.7
1292501220  8.6 61 1004.5
1292501280  8.7 61 1004.5
1292501340  8.7 61 1004.5
1292501400  8.7 61 1004.5
1292501460  8.7 61 1004.4
1292501520  8.7 61 1004.4
1292501580  8.7 61 1004.4
1292501640  8.7 61 1004.5
1292501700  8.7 61 1004.5
1292501760  8.7 61 1004.5
1292501820  8.7 61 1004.4
1292501880  8.7 61 1004.3
1292501940  8.7 61 1004.3
1292502000  8.7 61 1004.2
1292502060  8.7 61 1004.2
1292502120  8.7 61 1004.1
1292502180  8.7 61 1004.0
1292502240  8.7 61 1003.9
1292502300  8.7 61 1003.9
1292502360  8.7 61 1003.9
1292502420  8.7 61 1004.2
1292502480  8.7 61 1003.9
1292502540  8.7 61 1004.0
1292502600  8.7 61 1003.9
1292502660  8.7 61 1004.0
1292502720  8.7 61 1004.0
1292502780  8.7 61 1004.0
1292502840  8.7 61 1004.0
1292502900  8.7 61 1004.0
1292502960  8.7 61 1004.0
1292503020  8.7 61 1004.0
1292503080  8.7 61 1003.9
1292503140  8.7 61 1003.9
1292503200  8.7 61 1003.7
1292503260  8.7 61 1003.7
1292503320  8.7 61 1003.6
1292503380  8.7 61 1003.6
1292503440  8.7 61 1003.6
1292503500  8.7 61 1003.5
1292503560  8.7 61 1003.5
1292503620  8.7 61 1003.5
1292503680  8.7 61 1004.5
1292503740  8.7 61 1004.5
1292503800  8.7 61 1004.6
1292503860  8.7 61 1004.5
1292503920  8.7 61 1004.5
1292503980  8.7 61 1004.5
1292504040  8.7 61 1004.5
1292504100  8.7 61 1004.5
1292504160  8.7 61 1004.5
1292504220  8.7 61 1004.5
1292504280  8.7 61 1004.5
1292504340  8.7 61 1004.6
1292504400  8.7 61 1004.5
1292504460  8.7 61 1004.6
1292504520  8.7 61 1004.6
1292504580  8.7 61 1004.5
1292504640  8.7 61 1004.5
1292504700  8.7 61 1004.5
1292504760  8.7 61 1004.5
1292504820  8.7 61 1004.5
1292504880  8.7 61 1004.5
1292504940  8.7 61 1004.4
1292505000  8.7 61 1004.3
1292505060  8.7 61 1004.2
1292505120  8.7 61 1004.2
1292505180  8.7 61 1004.3
1292505240  8.7 61 1004.3
1292505300  8.7 61 1004.4
1292505360  8.7 61 1004.4
1292505420  8.7 61 1004.4
1292505480  8.7 61 1004.4
1292505540  8.7 61 1004.4
1292505600  8.7 61 1004.4
1292505660  8.7 61 1004.3
1292505720  8.7 61 1004.2
1292505780  8.7 61 1004.2
1292505840  8.7 61 1004.3
1292505900  8.7 61 1004.2
1292505960  8.7 61 1004.2
1292506020  8.7 61 1004.2
1292506080  8.7 61 1004.1
1292506140  8.7 61 1004.1
1292506200  8.7 61 1004.1
1292506260  8.7 61 1004.1
1292506320  8.7 61 1004.1
1292506380  8.7 61 1004.2
1292506440  8.7 61 1004.1
1292506500  8.7 61 1004.0
1292506560  8.7 61 1004.0
1292506620  8.7 61 1004.0
1292506680  8.7 61 1004.1
1292506740  8.7 61 1004.3
1292506800  8.7 61 1004.3
1292506860  8.7 61 1004.5
1292506920  8.7 61 1004.5
1292506980  8.7 61 1004.5
1292507040  8.7 61 1004.3
1292507100  8.7 61 1004.4
1292507160  8.7 61 1004.4
1292507220  8.7 61 1004.6
1292507280  8.7 61 1004.6
1292507340  8.7 61 1004.6
1292507460  8.7 61 1004.7
1292507520  8.7 61 1004.6
1292507580  8.7 61 1004.7
1292507640  8.7 61 1004.6
1292507700  8.7 61 1004.7
1292507760  8.7 61 1004.7
1292507820  8.7 61 1004.7
1292507880  8.7 61 1004.7
1292507940  8.7 61 1004.7
1292508000  8.7 61 1004.7
1292508060  8.7 61 1004.7
1292508120  8.7 61 1004.7
1292508180  8.7 61 1004.6
1292508240  8.7 61 1004.7
1292508300  8.7 61 1004.7
1292508360  8.7 61 1004.6
1292508420  8.7 61 1004.6
1292508480  8.7 61 1004.6
1292508540  8.7 61 1004.6
1292508600  8.7 61 1004.5
1292508660  8.7 61 1004.4
1292508720  8.7 61 1004.5
1292508780  8.7 61 1004.5
1292508840  8.7 61 1004.5
1292508900  8.7 61 1004.5
1292508960  8.7 61 1004.6
1292509020  8.7 61 1004.6
1292509080  8.7 61 1004.5
1292509140  8.7 61 1004.5
1292509200  8.8 61 1004.4
1292509260  8.8 61 1004.3
1292509320  8.8 61 1004.3
1292509380  8.7 61 1004.1
1292509440  8.7 61 1004.1
1292509500  8.7 61 1004.2
1292509560  8.7 61 1004.3
1292509620  8.7 61 1004.4
1292509680  8.7 61 1004.4
1292509740  8.7 61 1004.4
1292509800  8.8 61 1004.4
1292509860  8.7 61 1004.2
1292509920  8.7 61 1004.2
1292509980  8.7 61 1004.4
1292510040  8.7 61 1004.3
1292510100  8.7 61 1004.2
1292510160  8.7 61 1004.2
1292510220  8.7 61 1004.2
1292510280  8.7 61 1004.2
1292510340  8.7 61 1004.2
1292510460  8.7 61 1004.1
1292510520  8.8 61 1004.2
1292510580  8.8 61 1004.0
1292510640  8.7 61 1004.0
1292510700  8.8 61 1004.2
1292510760  8.7 61 1004.2
1292510820  8.7 61 1004.4
1292510880  8.7 61 1004.4
1292510940  8.7 61 1004.4
1292511000  8.7 61 1004.6
1292511060  8.7 61 1004.6
1292511120  8.7 61 1004.6
1292511180  8.7 61 1004.4
1292511240  8.7 61 1004.5
1292511300  8.7 61 1004.4
1292511360  8.7 61 1004.5
1292511420  8.8 61 1004.6
1292511480  8.8 61 1004.6
1292511540  8.8 61 1004.6
1292511600  8.7 61 1004.6
1292511660  8.8 62 1004.6
1292511720  8.7 61 1004.5
1292511780  8.7 61 1004.7
1292511840  8.7 61 1004.7
1292511900  8.7 61 1004.6
1292511960  8.7 61 1004.6
1292512020  8.7 61 1004.6
1292512080  8.7 61 1004.6
1292512140  8.7 61 1004.6
1292512200  8.7 61 1004.7
1292512260  8.8 62 1004.7
1292512320  8.8 62 1004.7
1292512380  8.8 62 1004.7
1292512440  8.8 62 1004.7
1292512500  8.8 62 1004.6
1292512560  8.8 62 1004.5
1292512620  8.8 62 1004.5
1292512680  8.8 62 1004.5
1292512740  8.8 62 1004.5
1292512800  8.8 62 1004.5
1292512860  8.8 62 1004.5
1292512920  8.8 62 1004.7
1292512980  8.8 62 1004.5
1292513040  8.8 62 1004.5
1292513100  8.8 62 1004.6
1292513160  8.8 62 1004.6
1292513220  8.8 62 1004.6
1292513280  8.8 62 1004.6
1292513340  8.8 62 1004.6
1292513400  8.8 62 1004.7
1292513460  8.8 62 1004.7
1292513520  8.8 62 1004.7
1292513580  8.8 62 1004.5
1292513640  8.8 62 1004.6
1292513700  8.8 62 1004.5
1292513760  8.8 62 1004.4
1292513820  8.8 62 1004.7
1292513880  8.8 62 1004.7
1292513940  8.8 62 1004.7
1292514000  8.8 62 1004.7
1292514060  8.8 62 1004.6
1292514120  8.8 62 1004.7
1292514180  8.8 62 1004.6
1292514240  8.8 62 1004.7
1292514300  8.8 62 1004.7
1292514360  8.8 62 1004.7
1292514420  8.8 62 1004.8
1292514480  8.8 62 1004.7
1292514540  8.8 62 1004.7
1292514600  8.8 62 1004.7
1292514660  8.8 62 1004.7
1292514720  8.8 62 1004.7
1292514780  8.8 62 1004.7
1292514840  8.8 62 1004.7
1292514900  8.8 62 1004.8
1292514960  8.8 62 1004.7
1292515020  8.8 61 1004.8
1292515080  8.8 61 1004.8
1292515140  8.8 61 1004.8
1292515200  8.8 61 1004.8
1292515260  8.8 61 1004.8
1292515320  8.8 61 1004.7
1292515380  8.8 61 1004.7
1292515440  8.8 61 1004.7
1292515500  8.8 61 1004.8
1292515560  8.8 61 1004.8
1292515620  8.8 61 1004.8
1292515680  8.8 61 1004.8
1292515740  8.8 61 1004.8
1292515800  8.8 61 1004.9
1292515860  8.8 61 1004.8
1292515920  8.8 61 1004.9
1292515980  8.8 61 1004.9
1292516040  8.8 61 1004.9
1292516100  8.8 61 1004.9
1292516160  8.8 61 1005.0
1292516220  8.8 61 1005.0
1292516280  8.8 61 1004.9
1292516340  8.8 61 1004.9
1292516400  8.8 61 1004.9
1292516520  8.8 61 1004.9
1292516580  8.8 61 1004.9
1292516640  8.8 61 1005.0
1292516700  8.8 61 1005.0
1292516760  8.8 61 1005.0
1292516820  8.8 61 1005.0
1292516880  8.8 61 1005.0
1292516940  8.8 61 1004.8
1292517000  8.8 61 1004.8
1292517060  8.8 61 1004.8
1292517120  8.8 61 1004.9
1292517180  8.8 61 1005.0
1292517240  8.8 61 1004.8
1292517300  8.8 61 1005.1
1292517360  8.8 61 1005.1
1292517420  8.8 61 1005.1
1292517480  8.8 61 1005.1
1292517540  8.8 61 1005.1
1292517600  8.8 61 1005.1
1292517660  8.8 61 1005.1
1292517720  8.8 61 1005.1
1292517780  8.8 61 1005.1
1292517840  8.8 61 1005.1
1292517900  8.8 61 1005.1
1292517960  8.8 61 1005.2
1292518020  8.8 61 1005.2
1292518080  8.8 61 1005.1
1292518140  8.8 61 1005.3
1292518200  8.8 61 1005.3
1292518260  8.8 61 1005.3
1292518320  8.8 61 1005.3
1292518380  8.8 61 1005.2
1292518440  8.8 61 1005.2
1292518500  8.8 61 1005.2
1292518560  8.8 61 1005.2
1292518620  8.8 61 1005.2
1292518680  8.8 61 1005.1
1292518740  8.8 61 1005.1
1292518800  8.8 61 1005.1
1292518860  8.8 61 1005.1
1292518920  8.8 61 1005.1
1292518980  8.7 61 1005.1
1292519040  8.8 61 1005.1
1292519100  8.8 61 1005.2
1292519160  8.8 61 1005.2
1292519220  8.8 61 1005.2
1292519280  8.8 61 1005.1
1292519340  8.8 61 1005.1
1292519400  8.8 61 1005.1
1292519460  8.8 61 1005.1
1292519520  8.8 61 1005.1
1292519580  8.8 61 1005.2
1292519640  8.8 61 1005.2
1292519700  8.8 61 1005.1
1292519820  8.8 61 1005.2
1292519880  8.8 61 1005.1
1292519940  8.8 61 1005.1
1292520000  8.8 61 1005.1
1292520060  8.8 61 1005.1
1292520120  8.8 61 1005.3
1292520180  8.8 61 1005.2
1292520240  8.7 61 1005.2
1292520300  8.8 61 1005.2
1292520360  8.8 61 1005.2
1292520420  8.8 61 1005.3
1292520480  8.8 61 1005.4
1292520540  8.8 61 1005.3
1292520600  8.8 61 1005.3
1292520660  8.8 61 1005.3
1292520720  8.8 61 1005.4
1292520780  8.8 61 1005.5
1292520840  8.8 61 1005.4
1292520900  8.8 61 1005.4
1292520960  8.7 61 1005.4
1292521020  8.8 61 1005.3
1292521080  8.7 61 1005.4
1292521140  8.7 61 1005.4
1292521200  8.7 61 1005.4
1292521260  8.7 61 1005.4
1292521320  8.7 61 1005.4
1292521380  8.8 61 1005.4
1292521440  8.8 61 1005.2
1292521500  8.7 61 1005.4
1292521560  8.7 61 1005.3
1292521620  8.7 61 1005.3
1292521680  8.7 61 1005.4
1292521740  8.7 61 1005.4
1292521800  8.7 61 1005.4
1292521860  8.7 61 1005.4
1292521920  8.7 61 1005.3
1292521980  8.7 61 1005.3
1292522040  8.7 61 1005.3
1292522100  8.7 61 1005.4
1292522160  8.7 61 1005.3
1292522220  8.7 61 1005.2
1292522280  8.7 61 1005.1
1292522340  8.7 61 1005.2
1292522400  8.7 61 1005.1
1292522460  8.7 61 1005.1
1292522520  8.7 61 1005.1
1292522580  8.7 61 1005.2
1292522640  8.7 61 1005.1
1292522700  8.7 61 1005.1
1292522760  8.7 61 1005.1
1292522820  8.7 61 1005.2
1292522880  8.7 61 1005.1
1292522940  8.7 61 1005.1
1292523000  8.7 61 1005.2
1292523060  8.7 61 1005.2
1292523120  8.7 61 1005.2
1292523180  8.7 61 1005.1
1292523240  8.7 61 1005.2
1292523300  8.7 61 1005.1
1292523420  8.7 61 1005.2
1292523480  8.7 61 1005.1
1292523540  8.7 60 1005.1
1292523600  8.7 61 1005.2
1292523660  8.7 61 1005.2
1292523720  8.7 61 1005.2
1292523780  8.7 61 1005.2
1292523840  8.7 60 1005.2
1292523900  8.7 61 1005.2
1292523960  8.7 60 1005.2
1292524020  8.7 60 1005.2
1292524080  8.7 60 1005.1
1292524140  8.7 60 1005.1
1292524200  8.7 60 1005.0
1292524260  8.7 60 1005.0
1292524320  8.7 60 1005.0
1292524380  8.7 60 1005.2
1292524440  8.7 60 1005.1
1292524500  8.7 60 1005.0
1292524560  8.7 60 1005.1
1292524620  8.7 60 1005.0
1292524680  8.7 60 1005.0
1292524740  8.7 60 1005.0
1292524800  8.7 60 1005.0
1292524860  8.7 60 1005.0
1292524920  8.7 60 1005.0
1292524980  8.7 60 1005.0
1292525040  8.7 60 1005.1
1292525100  8.7 60 1005.0
1292525160  8.6 60 1005.1
1292525220  8.6 60 1005.1
1292525280  8.6 60 1005.0
1292525340  8.6 60 1005.0
1292525400  8.6 60 1005.0
1292525460  8.6 60 1005.0
1292525520  8.6 60 1005.0
1292525580  8.6 60 1005.0
1292525640  8.6 60 1005.0
1292525700  8.6 60 1004.9
1292525760  8.6 60 1005.0
1292525820  8.6 60 1004.9
1292525880  8.6 60 1004.9
1292525940  8.6 60 1005.0
1292526000  8.7 60 1005.0
1292526060  8.7 60 1005.0
1292526120  8.7 60 1005.0
1292526180  8.6 60 1005.0
1292526240  8.6 60 1005.0
1292526300  8.6 60 1005.0
1292526360  8.6 60 1004.9
1292526420  8.6 60 1005.0
1292526480  8.6 60 1005.1
1292526540  8.6 60 1005.1
1292526600  8.6 60 1005.0
1292526660  8.6 60 1005.1
1292526720  8.6 60 1005.0
1292526780  8.6 60 1005.0
1292526840  8.6 60 1005.0
1292526900  8.6 60 1005.2
1292527020  8.6 60 1005.2
1292527080  8.6 60 1005.3
1292527140  8.6 60 1005.2
1292527200  8.6 60 1005.1
1292527260  8.6 60 1005.2
1292527320  8.6 60 1005.0
1292527380  8.6 60 1005.0
1292527440  8.6 60 1005.0
1292527500  8.6 60 1005.1
1292527560  8.6 60 1005.1
1292527620  8.6 60 1005.1
1292527680  8.6 60 1005.2
1292527740  8.6 60 1005.2
1292527800  8.6 60 1005.1
1292527860  8.6 60 1005.1
1292527920  8.6 60 1005.0
1292527980  8.6 60 1005.0
1292528040  8.6 60 1005.0
1292528100  8.6 60 1005.1
1292528160  8.6 60 1005.1
1292528220  8.6 60 1005.1
1292528280  8.6 60 1005.1
1292528340  8.6 60 1005.1
1292528400  8.6 60 1005.1
1292528460  8.6 60 1005.1
1292528520  8.6 60 1005.1
1292528580  8.6 60 1005.1
1292528640  8.6 60 1005.1
1292528700  8.6 60 1005.1
1292528760  8.6 60 1005.1
1292528820  8.6 60 1005.0
1292528880  8.6 60 1005.1
1292528940  8.6 60 1005.2
1292529000  8.6 60 1005.2
1292529060  8.6 60 1005.2
1292529120  8.6 60 1005.2
1292529180  8.6 60 1005.2
1292529240  8.6 60 1005.2
1292529300  8.6 60 1005.0
1292529360  8.6 60 1005.0
1292529420  8.6 60 1005.1
1292529480  8.6 60 1005.2
1292529540  8.6 60 1005.1
1292529600  8.6 60 1005.1
1292529660  8.6 60 1005.1
1292529720  8.6 60 1005.2
1292529780  8.6 60 1005.1
1292529840  8.6 60 1005.1
1292529900  8.6 60 1005.0
1292529960  8.6 60 1005.0
1292530020  8.6 60 1004.9
1292530080  8.6 60 1005.0
1292530140  8.6 60 1005.0
1292530200  8.6 60 1004.9
1292530260  8.6 60 1004.9
1292530320  8.6 60 1005.0
1292530380  8.6 60 1005.0
1292530440  8.6 60 1005.0
1292530500  8.6 60 1005.0
1292530680  8.6 60 1005.0
1292530740  8.6 60 1004.9
1292530800  8.6 60 1005.0
1292530860  8.6 60 1005.0
1292530920  8.6 60 1005.0
1292530980  8.6 60 1005.0
1292531040  8.6 60 1005.0
1292531100  8.5 60 1005.1
1292531160  8.6 60 1005.1
1292531220  8.6 60 1005.0
1292531280  8.6 60 1005.1
1292531340  8.6 60 1005.1
1292531400  8.6 60 1005.1
1292531460  8.5 60 1005.1
1292531520  8.5 60 1005.1
1292531580  8.6 60 1005.1
1292531640  8.6 60 1005.1
1292531700  8.5 60 1005.1
1292531760  8.5 60 1005.1
1292531820  8.6 60 1005.1
1292531880  8.6 60 1005.1
1292531940  8.6 60 1005.1
1292532000  8.6 60 1005.1
1292532060  8.6 60 1005.2
1292532120  8.5 60 1005.2
1292532180  8.6 60 1005.2
1292532240  8.6 60 1005.2
1292532300  8.6 60 1005.2
1292532360  8.5 60 1005.2
1292532420  8.5 60 1005.1
1292532480  8.5 60 1005.2
1292532540  8.5 60 1005.1
1292532600  8.5 60 1005.2
1292532660  8.5 60 1005.1
1292532720  8.5 60 1005.1
1292532780  8.5 60 1005.2
1292532840  8.5 60 1005.2
1292532900  8.5 60 1005.1
1292532960  8.5 60 1005.1
1292533020  8.6 60 1005.1
1292533080  8.5 60 1005.1
1292533140  8.5 60 1005.1
1292533200  8.5 60 1005.1
1292533260  8.5 60 1005.1
1292533320  8.5 60 1005.1
1292533380  8.5 60 1005.0
1292533440  8.5 60 1005.0
1292533500  8.5 60 1005.1
1292533560  8.5 60 1005.0
1292533620  8.5 60 1005.1
1292533680  8.5 60 1005.0
1292533740  8.5 60 1005.0
1292533800  8.5 60 1005.0
1292533860  8.5 60 1005.1
1292533920  8.5 60 1005.0
1292533980  8.5 60 1005.0
1292534040  8.5 60 1005.0
1292534100  8.5 60 1005.0
1292534220  8.5 60 1005.0
1292534280  8.5 60 1005.0
1292534340  8.5 60 1005.0
1292534400  8.5 60 1005.0
1292534460  8.5 60 1005.0
1292534520  8.5 60 1005.0
1292534580  8.5 60 1005.0
1292534640  8.5 60 1005.0
1292534700  8.5 60 1005.0
1292534760  8.5 60 1005.0
1292534820  8.5 60 1005.0
1292534880  8.5 60 1005.0
1292534940  8.5 60 1005.0
1292535000  8.5 60 1005.0
1292535120  8.5 60 1005.0
1292535180  8.5 60 1005.0
1292535240  8.5 60 1005.0
1292535300  8.5 60 1005.0
1292535360  8.5 60 1005.0
1292535420  8.5 60 1004.9
1292535480  8.5 60 1004.9
1292535540  8.5 60 1004.9
1292535600  8.5 60 1005.0
1292535660  8.5 60 1005.0
1292535720  8.5 60 1005.0
1292535780  8.5 60 1004.9
1292535840  8.5 60 1004.9
1292535900  8.5 60 1004.9
1292535960  8.5 59 1004.9
1292536020  8.4 60 1005.0
1292536080  8.4 60 1004.9
1292536140  8.4 60 1004.9
1292536200  8.4 60 1004.9
1292536260  8.4 60 1004.9
1292536320  8.4 60 1004.9
1292536380  8.4 60 1004.9
1292536440  8.4 60 1004.9
1292536500  8.5 60 1004.9
1292536560  8.5 60 1004.9
1292536620  8.5 60 1004.9
1292536680  8.5 60 1004.9
1292536740  8.5 60 1004.9
1292536800  8.5 60 1004.9
1292536860  8.5 59 1004.9
1292536920  8.4 59 1004.9
1292536980  8.4 60 1004.9
1292537040  8.4 60 1005.0
1292537100  8.4 60 1005.0
1292537160  8.4 60 1005.0
1292537220  8.4 60 1004.9
1292537280  8.4 60 1004.9
1292537340  8.4 60 1004.9
1292537400  8.4 60 1004.9
1292537460  8.4 60 1004.9
1292537520  8.4 60 1005.0
1292537580  8.4 60 1004.9
1292537640  8.4 60 1004.9
1292537700  8.4 60 1004.9
1292537760  8.4 60 1004.9
1292537820  8.4 59 1004.9
1292537880  8.4 59 1004.9
1292537940  8.4 59 1004.9
1292538000  8.4 59 1004.8
1292538060  8.4 60 1004.9
1292538120  8.4 59 1004.9
1292538180  8.4 59 1004.9
1292538240  8.4 59 1004.9
1292538300  8.4 59 1004.9
1292538360  8.4 59 1004.9
1292538420  8.4 59 1004.9
1292538480  8.4 59 1004.8
1292538540  8.4 59 1004.9
1292538600  8.4 59 1004.9
1292538660  8.4 59 1004.9
1292538720  8.4 59 1004.8
1292538780  8.4 59 1004.9
1292538840  8.4 59 1004.8
1292538900  8.4 59 1004.8
1292538960  8.4 59 1004.8
1292539020  8.4 59 1004.8
1292539080  8.4 59 1004.8
1292539140  8.4 59 1004.8
1292539200  8.4 59 1004.8
1292539260  8.4 59 1004.8
1292539320  8.4 59 1004.8
1292539380  8.4 59 1004.8
1292539440  8.4 59 1004.8
1292539500  8.4 59 1004.8
1292539560  8.4 59 1004.8
1292539620  8.4 59 1004.8
1292539680  8.4 59 1004.8
1292539740  8.4 59 1004.7
1292539800  8.4 59 1004.8
1292539860  8.4 59 1004.7
1292539920  8.4 59 1004.7
1292539980  8.4 59 1004.8
1292540040  8.4 59 1004.6
1292540100  8.4 59 1004.7
1292540160  8.4 59 1004.7
1292540220  8.4 59 1004.7
1292540280  8.4 59 1004.7
1292540340  8.4 59 1004.6
1292540400  8.4 59 1004.6
1292540460  8.4 59 1004.7
1292540520  8.4 59 1004.6
1292540580  8.4 59 1004.6
1292540640  8.4 59 1004.7
1292540700  8.4 59 1004.7
1292540760  8.4 59 1004.7
1292540820  8.4 59 1004.7
1292540880  8.4 59 1004.6
1292540940  8.4 59 1004.6
1292541000  8.4 59 1004.6
1292541060  8.4 59 1004.5
1292541120  8.4 59 1004.5
1292541180  8.4 59 1004.6
1292541240  8.4 59 1004.5
1292541300  8.4 59 1004.6
1292541360  8.4 59 1004.6
1292541420  8.4 59 1004.5
1292541480  8.4 59 1004.5
1292541540  8.4 59 1004.6
1292541600  8.4 59 1004.4
1292541660  8.4 59 1004.4
1292541720  8.4 59 1004.5
1292541780  8.4 59 1004.5
1292541840  8.4 59 1004.6
1292541900  8.4 59 1004.6
1292541960  8.4 59 1004.6
1292542020  8.4 59 1004.6
1292542080  8.3 59 1004.6
1292542140  8.4 59 1004.6
1292542200  8.4 59 1004.5
1292542260  8.4 59 1004.5
1292542320  8.3 59 1004.6
1292542380  8.3 59 1004.6
1292542440  8.4 59 1004.5
1292542500  8.3 59 1004.5
1292542560  8.3 59 1004.5
1292542620  8.3 59 1004.6
1292542680  8.3 59 1004.5
1292542740  8.3 59 1004.5
1292542800  8.3 59 1004.5
1292542860  8.3 59 1004.5
1292542920  8.3 59 1004.4
1292542980  8.3 59 1004.4
1292543040  8.3 59 1004.6
1292543100  8.3 59 1004.5
1292543160  8.3 59 1004.5
1292543220  8.3 59 1004.5
1292543280  8.3 59 1004.7
1292543340  8.3 59 1004.5
1292543400  8.3 59 1004.7
1292543460  8.3 59 1004.6
1292543520  8.3 59 1004.7
1292543580  8.3 59 1004.7
1292543640  8.3 59 1004.7
1292543700  8.3 59 1004.7
1292543760  8.3 59 1004.7
1292543820  8.3 59 1004.7
1292543880  8.3 59 1004.7
1292543940  8.3 59 1004.6
