1292284800  8.8 58 1030.2
1292284860  8.8 58 1030.2
1292284920  8.8 58 1030.2
1292284980  8.8 58 1030.1
1292285040  8.8 58 1030.1
1292285100  8.8 58 1030.1
1292285160  8.8 58 1030.2
1292285220  8.8 58 1030.2
1292285280  8.8 58 1030.1
1292285340  8.8 58 1030.2
1292285400  8.8 58 1030.2
1292285460  8.8 58 1030.2
1292285520  8.8 58 1030.1
1292285580  8.8 58 1030.1
1292285640  8.8 58 1030.1
1292285700  8.8 58 1030.1
1292285760  8.8 58 1030.1
1292285820  8.8 58 1030.1
1292285880  8.8 58 1030.1
1292285940  8.8 58 1030.1
1292286000  8.8 58 1030.1
1292286060  8.8 58 1030.1
1292286120  8.8 58 1030.2
1292286180  8.8 58 1030.2
1292286240  8.8 58 1030.2
1292286300  8.8 58 1030.2
1292286360  8.8 58 1030.2
1292286420  8.8 58 1030.2
1292286480  8.8 58 1030.2
1292286540  8.8 58 1030.2
1292286600  8.8 58 1030.2
1292286660  8.8 58 1030.2
1292286720  8.8 58 1030.3
1292286780  8.8 58 1030.2
1292286840  8.8 58 1030.2
1292286900  8.8 58 1030.2
1292286960  8.8 58 1030.2
1292287020  8.8 58 1030.2
1292287080  8.8 58 1030.2
1292287140  8.8 58 1030.2
1292287200  8.8 58 1030.2
1292287260  8.8 58 1030.2
1292287320  8.8 58 1030.3
1292287380  8.8 58 1030.2
1292287440  8.8 58 1030.2
1292287500  8.8 58 1030.2
1292287560  8.8 58 1030.2
1292287620  8.8 58 1030.2
1292287680  8.8 58 1030.2
1292287740  8.8 58 1030.2
1292287800  8.8 58 1030.2
1292287860  8.8 58 1030.2
1292287920  8.8 58 1030.2
1292287980  8.8 58 1030.3
1292288040  8.8 58 1030.2
1292288100  8.8 58 1030.3
1292288160  8.8 58 1030.2
1292288220  8.8 58 1030.3
1292288280  8.8 58 1030.3
1292288340  8.8 58 1030.4
1292288400  8.8 58 1030.4
1292288460  8.8 58 1030.4
1292288520  8.8 58 1030.4
1292288580  8.8 58 1030.3
1292288640  8.8 58 1030.4
1292288700  8.8 58 1030.4
1292288760  8.8 58 1030.3
1292288820  8.8 58 1030.3
1292288880  8.8 58 1030.3
1292288940  8.8 58 1030.3
1292289000  8.8 58 1030.3
1292289060  8.8 58 1030.3
1292289120  8.8 58 1030.3
1292289180  8.8 58 1030.5
1292289240  8.8 58 1030.5
1292289300  8.8 58 1030.5
1292289360  8.8 58 1030.5
1292289420  8.8 58 1030.5
1292289480  8.8 58 1030.5
1292289540  8.8 58 1030.5
1292289600  8.8 58 1030.6
1292289660  8.8 58 1030.6
1292289720  8.8 58 1030.5
1292289780  8.8 58 1030.5
1292289840  8.8 58 1030.5
1292289900  8.8 58 1030.5
1292289960  8.8 58 1030.5
1292290020  8.8 58 1030.5
1292290080  8.8 58 1030.6
1292290140  8.8 58 1030.6
1292290200  8.8 58 1030.6
1292290260  8.8 58 1030.6
1292290320  8.8 58 1030.6
1292290380  8.8 58 1030.6
1292290440  8.8 58 1030.5
1292290500  8.8 58 1030.6
1292290560  8.8 58 1030.6
1292290620  8.8 58 1030.6
1292290680  8.8 58 1030.6
1292290740  8.8 58 1030.6
1292290800  8.8 58 1030.6
1292290860  8.8 58 1030.6
1292290920  8.8 58 1030.6
1292290980  8.8 58 1030.7
1292291040  8.8 58 1030.7
1292291100  8.8 58 1030.8
1292291160  8.8 58 1030.7
1292291220  8.8 58 1030.7
1292291280  8.8 58 1030.8
1292291340  8.8 58 1030.7
1292291400  8.8 58 1030.8
1292291460  8.8 58 1030.8
1292291520  8.8 58 1030.8
1292291580  8.8 58 1030.9
1292291640  8.8 58 1030.8
1292291700  8.8 58 1030.9
1292291760  8.8 58 1030.8
1292291820  8.8 58 1030.8
1292291880  8.8 58 1030.9
1292291940  8.8 58 1030.9
1292292000  8.8 58 1030.9
1292292060  8.8 58 1030.9
1292292120  8.8 58 1030.9
1292292180  8.8 58 1030.9
1292292240  8.8 58 1030.8
1292292300  8.8 58 1030.9
1292292360  8.8 58 1030.8
1292292420  8.8 58 1030.9
1292292480  8.8 58 1030.9
1292292540  8.8 58 1030.8
1292292600  8.8 58 1030.9
1292292660  8.8 58 1030.8
1292292720  8.8 58 1030.9
1292292780  8.8 58 1030.9
1292292840  8.8 58 1030.9
1292292900  8.8 58 1030.9
1292292960  8.8 58 1030.9
1292293020  8.8 58 1030.9
1292293080  8.8 58 1030.8
1292293140  8.8 58 1030.9
1292293200  8.8 58 1030.8
1292293260  8.8 58 1030.9
1292293320  8.8 58 1030.8
1292293380  8.8 58 1030.8
1292293440  8.8 58 1030.8
1292293500  8.8 58 1030.8
1292293560  8.8 58 1030.8
1292293620  8.8 58 1030.8
1292293680  8.8 58 1030.9
1292293740  8.8 58 1030.9
1292293800  8.8 58 1030.9
1292293860  8.8 58 1030.9
1292293920  8.8 58 1030.9
1292293980  8.8 58 1030.9
1292294040  8.8 58 1030.9
1292294100  8.8 58 1030.9
1292294160  8.8 58 1030.8
1292294220  8.8 58 1030.9
1292294280  8.8 58 1030.8
1292294340  8.8 58 1030.9
1292294400  8.8 58 1030.9
1292294460  8.8 58 1030.9
1292294520  8.8 58 1030.9
1292294580  8.8 58 1030.9
1292294640  8.8 58 1030.9
1292294700  8.8 58 1030.9
1292294760  8.8 58 1030.9
1292294820  8.8 58 1030.9
1292294880  8.8 58 1030.9
1292294940  8.8 58 1030.9
1292295000  8.8 58 1031.0
1292295060  8.8 58 1031.0
1292295120  8.8 58 1031.0
1292295180  8.8 58 1031.0
1292295240  8.8 58 1031.0
1292295300  8.8 58 1031.0
1292295360  8.8 58 1031.0
1292295420  8.8 58 1031.0
1292295480  8.8 58 1031.0
1292295540  8.8 58 1031.0
1292295600  8.8 58 1031.0
1292295660  8.8 58 1031.0
1292295720  8.8 58 1031.0
1292295780  8.8 58 1031.0
1292295840  8.8 58 1031.0
1292295900  8.8 58 1031.0
1292295960  8.8 58 1031.0
1292296020  8.8 58 1031.0
1292296080  8.8 58 1031.1
1292296140  8.8 58 1031.1
1292296200  8.8 58 1031.0
1292296260  8.8 58 1031.1
1292296320  8.8 58 1031.1
1292296380  8.8 58 1031.1
1292296440  8.8 58 1031.1
1292296500  8.8 58 1031.2
1292296560  8.8 58 1031.1
1292296620  8.8 58 1031.1
1292296680  8.8 58 1031.2
1292296740  8.8 58 1031.2
1292296800  8.8 58 1031.2
1292296860  8.8 58 1031.3
1292296920  8.8 58 1031.3
1292296980  8.8 58 1031.3
1292297040  8.8 58 1031.3
1292297100  8.8 58 1031.3
1292297160  8.8 58 1031.3
1292297220  8.8 58 1031.3
1292297280  8.8 58 1031.3
1292297340  8.8 58 1031.4
1292297400  8.8 58 1031.4
1292297460  8.8 58 1031.3
1292297520  8.8 58 1031.3
1292297580  8.8 58 1031.3
1292297640  8.8 58 1031.3
1292297700  8.8 58 1031.3
1292297760  8.8 58 1031.4
1292297820  8.8 58 1031.4
1292297880  8.8 58 1031.4
1292297940  8.8 58 1031.3
1292298000  8.8 58 1031.3
1292298060  8.8 58 1031.5
1292298120  8.8 58 1031.4
1292298180  8.8 58 1031.4
1292298240  8.8 58 1031.4
1292298300  8.8 58 1031.5
1292298360  8.8 58 1031.5
1292298420  8.8 58 1031.5
1292298480  8.8 59 1031.5
1292298540  8.8 58 1031.5
1292298600  8.8 58 1031.5
1292298660  8.8 58 1031.6
1292298720  8.8 58 1031.5
1292298780  8.8 58 1031.5
1292298840  8.8 58 1031.5
1292298900  8.8 58 1031.5
1292298960  8.8 59 1031.5
1292299020  8.8 58 1031.5
1292299080  8.8 58 1031.5
1292299140  8.8 59 1031.5
1292299200  8.8 58 1031.5
1292299260  8.8 58 1031.6
1292299320  8.8 58 1031.5
1292299380  8.8 58 1031.5
1292299440  8.8 58 1031.5
1292299500  8.8 58 1031.6
1292299560  8.8 58 1031.6
1292299620  8.8 59 1031.6
1292299680  8.8 58 1031.6
1292299740  8.8 58 1031.6
1292299800  8.8 59 1031.7
1292299860  8.8 59 1031.6
1292299920  8.8 59 1031.7
1292299980  8.8 58 1031.7
1292300040  8.8 58 1031.7
1292300100  8.8 59 1031.7
1292300160  8.8 58 1031.7
1292300220  8.8 59 1031.7
1292300280  8.8 59 1031.7
1292300340  8.8 59 1031.7
1292300400  8.8 59 1031.7
1292300460  8.8 59 1031.7
1292300520  8.8 59 1031.7
1292300580  8.8 59 1031.7
1292300640  8.8 59 1031.7
1292300700  8.8 59 1031.7
1292300760  8.8 58 1031.7
1292300820  8.8 58 1031.7
1292300880  8.8 58 1031.7
1292300940  8.8 59 1031.7
1292301000  8.8 59 1031.7
1292301060  8.8 59 1031.7
1292301120  8.8 59 1031.7
1292301180  8.8 59 1031.7
1292301240  8.8 59 1031.7
1292301300  8.8 59 1031.7
1292301360  8.8 58 1031.8
1292301420  8.8 58 1031.8
1292301480  8.8 58 1031.8
1292301540  8.8 58 1031.8
1292301600  8.8 59 1031.8
1292301660  8.8 59 1031.8
1292301720  8.8 59 1031.8
1292301780  8.8 59 1031.8
1292301840  8.8 59 1031.8
1292301900  8.8 59 1031.8
1292301960  8.8 59 1031.7
1292302020  8.8 58 1031.8
1292302080  8.8 59 1031.9
1292302140  8.8 59 1032.0
1292302200  8.8 59 1031.9
1292302260  8.8 59 1031.9
1292302320  8.8 59 1031.9
1292302380  8.8 59 1032.0
1292302440  8.8 58 1032.0
1292302500  8.8 59 1032.0
1292302560  8.8 59 1032.0
1292302620  8.8 59 1032.0
1292302680  8.8 59 1032.0
1292302740  8.8 59 1032.0
1292302800  8.8 59 1032.0
1292302860  8.8 58 1032.1
1292302920  8.8 59 1032.1
1292302980  8.8 59 1032.1
1292303040  8.8 59 1032.1
1292303100  8.8 59 1032.1
1292303160  8.8 59 1032.1
1292303220  8.8 58 1032.1
1292303280  8.8 59 1032.2
1292303340  8.8 59 1032.2
1292303400  8.8 59 1032.2
1292303460  8.8 59 1032.1
1292303520  8.8 59 1032.2
1292303580  8.8 59 1032.1
1292303700  8.8 59 1032.1
1292303760  8.8 59 1032.1
1292303820  8.8 59 1032.1
1292303880  8.8 59 1032.2
1292303940  8.8 59 1032.3
1292304000  8.8 59 1032.3
1292304060  8.8 59 1032.3
1292304120  8.8 59 1032.2
1292304180  8.8 59 1032.2
1292304240  8.8 59 1032.2
1292304300  8.8 59 1032.2
1292304360  8.8 59 1032.2
1292304420  8.8 59 1032.2
1292304480  8.8 59 1032.3
1292304540  8.8 59 1032.3
1292304600  8.8 59 1032.3
1292304660  8.8 59 1032.3
1292304720  8.8 59 1032.3
1292304780  8.8 59 1032.3
1292304840  8.8 59 1032.3
1292304900  8.8 59 1032.3
1292304960  8.8 59 1032.3
1292305020  8.8 59 1032.3
1292305080  8.8 59 1032.3
1292305140  8.8 59 1032.3
1292305200  8.8 59 1032.3
1292305260  8.8 59 1032.4
1292305320  8.8 59 1032.4
1292305380  8.8 59 1032.3
1292305440  8.8 59 1032.4
1292305500  8.8 59 1032.3
1292305560  8.8 59 1032.3
1292305620  8.8 59 1032.3
1292305680  8.8 59 1032.4
1292305740  8.8 59 1032.3
1292305800  8.8 59 1032.3
1292305860  8.8 59 1032.3
1292305920  8.8 59 1032.4
1292305980  8.8 59 1032.3
1292306040  8.8 59 1032.4
1292306100  8.8 59 1032.4
1292306160  8.8 59 1032.4
1292306220  8.8 59 1032.4
1292306280  8.8 59 1032.4
1292306340  8.8 59 1032.5
1292306400  8.8 59 1032.4
1292306460  8.8 59 1032.4
1292306520  8.8 59 1032.6
1292306580  8.8 59 1032.5
1292306640  8.8 59 1032.6
1292306700  8.8 59 1032.6
1292306760  8.8 59 1032.6
1292306820  8.8 59 1032.6
1292306880  8.8 59 1032.7
1292306940  8.8 59 1032.6
1292307000  8.8 59 1032.6
1292307060  8.8 59 1032.6
1292307120  8.8 59 1032.6
1292307180  8.8 59 1032.8
1292307240  8.8 59 1032.8
1292307300  8.8 59 1032.7
1292307360  8.8 59 1032.7
1292307420  8.8 59 1032.7
1292307480  8.8 59 1032.8
1292307540  8.8 59 1032.8
1292307600  8.8 59 1032.9
1292307660  8.8 59 1032.9
1292307720  8.8 59 1032.9
1292307780  8.8 59 1032.9
1292307840  8.8 59 1032.9
1292307900  8.8 59 1032.9
1292307960  8.8 59 1032.9
1292308020  8.8 59 1032.9
1292308080  8.8 59 1033.1
1292308140  8.8 59 1033.0
1292308200  8.8 59 1033.1
1292308260  8.8 59 1032.9
1292308320  8.8 59 1033.0
1292308380  8.8 59 1032.9
1292308440  8.8 59 1033.0
1292308500  8.8 59 1033.0
1292308560  8.8 59 1033.0
1292308620  8.8 59 1033.1
1292308680  8.8 59 1033.0
1292308740  8.8 59 1033.1
1292308800  8.8 59 1033.0
1292308860  8.8 59 1033.1
1292308920  8.8 59 1033.1
1292308980  8.8 59 1033.1
1292309040  8.8 59 1033.1
1292309100  8.8 59 1033.1
1292309160  8.8 59 1033.1
1292309220  8.8 59 1033.1
1292309280  8.8 59 1033.1
1292309340  8.8 59 1033.1
1292309400  8.8 59 1033.2
1292309460  8.8 59 1033.1
1292309520  8.8 59 1033.2
1292309580  8.8 59 1033.2
1292309640  8.8 59 1033.3
1292309700  8.8 59 1033.1
1292309760  8.8 59 1033.1
1292309820  8.8 59 1033.1
1292309880  8.8 59 1033.1
1292309940  8.8 59 1033.1
1292310000  8.8 59 1033.2
1292310060  8.8 59 1033.1
1292310120  8.8 59 1033.2
1292310180  8.8 59 1033.3
1292310240  8.8 59 1033.3
1292310300  8.8 59 1033.2
1292310360  8.8 59 1033.2
1292310420  8.7 59 1033.2
1292310480  8.8 59 1033.3
1292310540  8.8 59 1033.3
1292310600  8.8 59 1033.4
1292310660  8.8 59 1033.4
1292310720  8.7 59 1033.4
1292310780  8.8 59 1033.3
1292310840  8.8 59 1033.4
1292310900  8.8 59 1033.4
1292310960  8.8 59 1033.4
1292311020  8.7 59 1033.4
1292311080  8.7 59 1033.4
1292311140  8.7 59 1033.4
1292311200  8.7 59 1033.4
1292311260  8.8 59 1033.4
1292311320  8.8 59 1033.4
1292311380  8.7 59 1033.4
1292311440  8.8 59 1033.4
1292311500  8.8 59 1033.4
1292311560  8.8 59 1033.4
1292311620  8.8 59 1033.4
1292311680  8.8 59 1033.5
1292311740  8.8 59 1033.4
1292311800  8.8 59 1033.5
1292311860  8.8 59 1033.5
1292311920  8.8 59 1033.6
1292311980  8.7 59 1033.6
1292312040  8.7 59 1033.6
1292312100  8.7 59 1033.8
1292312160  8.7 59 1033.8
1292312220  8.7 59 1033.8
1292312280  8.7 59 1033.8
1292312340  8.7 59 1033.8
1292312400  8.7 59 1033.9
1292312460  8.7 59 1033.9
1292312520  8.7 59 1033.9
1292312580  8.7 59 1033.8
1292312640  8.7 59 1033.9
1292312700  8.8 59 1033.9
1292312760  8.8 59 1033.9
1292312820  8.7 59 1033.9
1292312880  8.7 59 1033.9
1292312940  8.7 59 1033.9
1292313000  8.7 59 1033.8
1292313060  8.7 59 1034.0
1292313120  8.7 59 1033.9
1292313180  8.7 59 1033.8
1292313240  8.7 59 1034.0
1292313360  8.7 59 1034.0
1292313420  8.8 59 1034.1
1292313480  8.8 59 1034.1
1292313540  8.8 59 1034.1
1292313600  8.7 59 1034.0
1292313660  8.7 59 1034.1
1292313720  8.7 59 1034.1
1292313780  8.7 59 1034.1
1292313840  8.7 59 1034.1
1292313900  8.7 59 1034.2
1292313960  8.7 59 1034.2
1292314020  8.7 59 1034.1
1292314080  8.7 59 1034.1
1292314140  8.7 59 1034.1
1292314200  8.7 59 1034.1
1292314260  8.7 59 1034.1
1292314320  8.7 59 1034.2
1292314380  8.7 59 1034.1
1292314440  8.7 59 1034.2
1292314500  8.7 59 1034.2
1292314560  8.7 59 1034.2
1292314620  8.7 59 1034.2
1292314680  8.7 59 1034.2
1292314740  8.7 59 1034.2
1292314800  8.7 59 1034.2
1292314860  8.7 59 1034.4
1292314920  8.7 59 1034.4
1292314980  8.7 59 1034.4
1292315040  8.7 59 1034.4
1292315100  8.7 59 1034.5
1292315160  8.7 59 1034.4
1292315220  8.7 59 1034.4
1292315280  8.7 59 1034.4
1292315340  8.7 59 1034.4
1292315400  8.7 59 1034.5
1292315460  8.7 59 1034.4
1292315520  8.7 59 1034.4
1292315580  8.7 59 1034.4
1292315640  8.7 59 1034.5
1292315700  8.7 59 1034.5
1292315760  8.7 59 1034.5
1292315820  8.7 59 1034.5
1292315880  8.7 59 1034.5
1292315940  8.7 59 1034.5
1292316000  8.7 59 1034.5
1292316060  8.7 59 1034.4
1292316120  8.7 59 1034.5
1292316180  8.7 59 1034.4
1292316240  8.8 59 1034.5
1292316300  8.8 59 1034.5
1292316360  8.7 59 1034.5
1292316420  8.7 59 1034.5
1292316480  8.7 59 1034.5
1292316540  8.7 59 1034.5
1292316600  8.7 59 1034.5
1292316660  8.7 59 1034.6
1292316720  8.7 59 1034.5
1292316780  8.7 59 1034.6
1292316840  8.7 59 1034.6
1292316900  8.7 59 1034.5
1292316960  8.7 59 1034.6
1292317020  8.7 59 1034.6
1292317080  8.7 59 1034.6
1292317140  8.7 59 1034.6
1292317200  8.7 59 1034.5
1292317260  8.7 59 1034.6
1292317320  8.7 59 1034.5
1292317380  8.7 59 1034.5
1292317440  8.7 59 1034.6
1292317500  8.7 59 1034.5
1292317560  8.7 59 1034.5
1292317620  8.7 59 1034.5
1292317680  8.7 59 1034.5
1292317740  8.7 59 1034.5
1292317800  8.7 59 1034.5
1292317860  8.7 59 1034.6
1292317920  8.7 59 1034.6
1292317980  8.7 59 1034.5
1292318040  8.7 59 1034.7
1292318100  8.7 59 1034.6
1292318160  8.7 59 1034.7
1292318220  8.7 59 1034.7
1292318280  8.7 59 1034.8
1292318340  8.7 59 1034.8
1292318400  8.7 59 1034.8
1292318460  8.7 59 1035.0
1292318520  8.7 59 1034.9
1292318580  8.7 59 1034.8
1292318640  8.7 59 1034.8
1292318700  8.7 59 1034.9
1292318760  8.7 59 1034.9
1292318820  8.7 59 1035.0
1292318880  8.7 59 1035.0
1292318940  8.7 59 1035.0
1292319000  8.7 59 1034.9
1292319060  8.7 59 1034.9
1292319120  8.7 59 1034.9
1292319180  8.7 59 1034.8
1292319240  8.7 59 1034.9
1292319300  8.7 59 1035.0
1292319360  8.7 59 1035.1
1292319420  8.7 59 1035.1
1292319480  8.7 59 1035.1
1292319540  8.7 59 1035.1
1292319600  8.7 59 1035.2
1292319660  8.7 59 1035.2
1292319720  8.7 59 1035.2
1292319780  8.7 59 1035.0
1292319840  8.8 59 1035.2
1292319900  8.7 59 1035.2
1292319960  8.7 59 1035.2
1292320020  8.7 59 1035.2
1292320080  8.7 59 1035.2
1292320140  8.7 59 1035.2
1292320200  8.7 59 1035.2
1292320260  8.7 59 1035.2
1292320320  8.7 59 1035.3
1292320380  8.7 59 1035.2
1292320440  8.7 59 1035.3
1292320500  8.7 59 1035.3
1292320620  8.7 59 1035.3
1292320680  8.7 59 1035.3
1292320740  8.7 59 1035.3
1292320800  8.8 59 1035.3
1292320860  8.7 59 1035.3
1292320920  8.7 59 1035.3
1292320980  8.7 59 1035.3
1292321040  8.7 59 1035.3
1292321100  8.7 59 1035.3
1292321160  8.7 59 1035.3
1292321220  8.7 59 1035.3
1292321280  8.7 59 1035.3
1292321340  8.7 59 1035.3
1292321400  8.7 59 1035.4
1292321460  8.7 59 1035.5
1292321520  8.7 59 1035.4
1292321580  8.7 59 1035.4
1292321640  8.7 59 1035.4
1292321700  8.7 59 1035.4
1292321760  8.7 59 1035.5
1292321820  8.7 59 1035.5
1292321880  8.7 59 1035.5
1292321940  8.7 59 1035.5
1292322000  8.7 59 1035.5
1292322060  8.7 59 1035.5
1292322120  8.8 59 1035.5
1292322180  8.8 59 1035.6
1292322240  8.8 59 1035.7
1292322300  8.8 59 1035.7
1292322360  8.8 59 1035.7
1292322420  8.8 59 1035.7
1292322480  8.8 59 1035.6
1292322540  8.8 59 1035.6
1292322600  8.8 59 1035.6
1292322660  8.8 59 1035.6
1292322720  8.8 59 1035.6
1292322780  8.8 59 1035.6
1292322840  8.8 59 1035.6
1292322900  8.8 59 1035.6
1292322960  8.8 59 1035.6
1292323020  8.8 59 1035.6
1292323080  8.8 59 1035.5
1292323140  8.8 59 1035.6
1292323200  8.8 59 1035.6
1292323260  8.8 59 1035.6
1292323320  8.8 59 1035.6
1292323380  8.8 59 1035.6
1292323440  8.8 59 1035.6
1292323500  8.8 59 1035.5
1292323560  8.8 59 1035.7
1292323620  8.8 59 1035.6
1292323680  8.8 59 1035.6
1292323740  8.8 59 1035.6
1292323800  8.8 59 1035.6
1292323860  8.8 59 1035.6
1292323920  8.8 59 1035.6
1292323980  8.8 59 1035.6
1292324040  8.8 59 1035.6
1292324100  8.8 59 1035.6
1292324160  8.8 59 1035.5
1292324220  8.8 59 1035.5
1292324280  8.8 59 1035.6
1292324340  8.8 59 1035.6
1292324400  8.8 59 1035.6
1292324460  8.8 59 1035.6
1292324520  8.8 59 1035.6
1292324580  8.8 59 1035.6
1292324640  8.8 59 1035.7
1292324700  8.8 59 1035.7
1292324760  8.8 59 1035.7
1292324820  8.8 59 1035.7
1292324880  8.8 59 1035.7
1292324940  8.8 59 1035.7
1292325000  8.8 59 1035.7
1292325060  8.8 59 1035.7
1292325120  8.8 59 1035.7
1292325180  8.8 59 1035.7
1292325240  8.8 59 1035.7
1292325300  8.8 59 1035.8
1292325360  8.8 59 1035.8
1292325420  8.8 59 1035.8
1292325480  8.8 59 1035.9
1292325540  8.8 59 1035.8
1292325600  8.8 59 1035.8
1292325660  8.8 59 1035.8
1292325720  8.8 59 1035.9
1292325780  8.8 59 1035.8
1292325840  8.8 59 1035.9
1292325900  8.8 59 1035.8
1292325960  8.8 59 1035.8
1292326020  8.8 59 1035.9
1292326080  8.8 59 1035.9
1292326140  8.8 59 1035.8
1292326200  8.8 59 1035.8
1292326260  8.8 59 1035.8
1292326380  8.8 59 1035.9
1292326440  8.8 59 1035.8
1292326500  8.8 59 1035.8
1292326560  8.8 59 1035.8
1292326620  8.8 59 1035.9
1292326680  8.8 59 1035.8
1292326740  8.8 59 1035.8
1292326800  8.8 59 1035.8
1292326860  8.8 59 1035.8
1292326920  8.8 59 1035.8
1292326980  8.8 59 1035.9
1292327040  8.8 59 1035.9
1292327100  8.8 59 1035.9
1292327160  8.8 59 1035.9
1292327220  8.8 59 1035.9
1292327280  8.8 59 1035.9
1292327340  8.8 59 1035.9
1292327400  8.9 59 1035.9
1292327460  8.9 59 1035.9
1292327520  8.9 59 1035.9
1292327580  8.9 59 1035.9
1292327640  8.9 59 1035.9
1292327700  8.9 59 1035.9
1292327760  8.9 59 1035.9
1292327820  8.9 59 1035.9
1292327880  8.9 59 1035.9
1292327940  8.9 59 1036.0
1292328000  8.9 59 1036.0
1292328060  8.9 59 1036.0
1292328120  8.9 59 1036.0
1292328180  8.9 59 1036.0
1292328240  8.9 59 1035.9
1292328300  8.9 59 1035.9
1292328360  8.9 59 1036.0
1292328420  8.9 59 1035.9
1292328480  8.9 59 1036.0
1292328540  8.9 59 1035.9
1292328600  8.9 59 1036.0
1292328660  8.9 59 1036.0
1292328720  8.9 59 1035.9
1292328780  8.9 59 1035.9
1292328840  8.9 59 1035.9
1292328900  8.9 59 1035.9
1292328960  8.9 59 1035.9
1292329020  8.9 59 1035.9
1292329080  8.9 59 1036.0
1292329140  8.9 59 1035.9
1292329200  8.9 59 1035.9
1292329260  8.9 59 1035.9
1292329320  9.0 59 1035.9
1292329380  8.9 59 1035.9
1292329440  8.9 59 1035.9
1292329500  9.0 59 1035.8
1292329560  9.0 59 1035.9
1292329620  9.0 59 1035.8
1292329680  9.0 59 1035.8
1292329740  9.0 59 1035.8
1292329800  8.9 59 1035.9
1292329860  8.9 59 1035.9
1292329920  9.0 59 1035.9
1292329980  9.0 59 1035.8
1292330040  9.0 59 1035.8
1292330100  9.0 59 1035.8
1292330160  9.0 59 1035.8
1292330220  9.0 59 1035.7
1292330280  9.0 59 1035.8
1292330340  9.0 59 1035.9
1292330400  8.9 59 1035.8
1292330460  8.9 59 1035.8
1292330520  8.9 59 1035.8
1292330580  9.0 59 1035.9
1292330640  9.0 59 1035.8
1292330700  9.0 59 1035.8
1292330760  9.0 59 1035.9
1292330820  9.0 59 1035.9
1292330880  9.0 59 1035.9
1292330940  9.0 59 1035.9
1292331000  9.0 59 1035.9
1292331060  9.0 59 1035.9
1292331120  9.0 59 1035.9
1292331180  9.0 59 1036.0
1292331240  9.0 59 1036.0
1292331300  9.0 59 1036.0
1292331360  9.0 59 1035.9
1292331420  9.0 59 1035.9
1292331480  9.0 59 1036.0
1292331540  9.0 59 1035.9
1292331600  9.0 59 1035.9
1292331720  9.0 59 1035.9
1292331780  9.0 59 1035.9
1292331840  9.0 59 1035.9
1292331900  9.0 59 1035.9
1292331960  9.0 59 1035.9
1292332020  9.0 59 1035.9
1292332080  9.0 59 1035.8
1292332140  9.0 59 1035.9
1292332200  9.0 59 1035.9
1292332260  9.0 59 1035.9
1292332320  9.0 59 1035.9
1292332380  9.0 59 1035.9
1292332440  9.0 59 1035.9
1292332500  9.0 59 1035.9
1292332560  9.0 59 1035.9
1292332620  9.0 59 1035.9
1292332680  9.0 59 1035.9
1292332740  9.0 59 1035.9
1292332800  9.0 59 1035.9
1292332860  9.0 59 1035.9
1292332920  9.0 59 1035.9
1292332980  9.0 59 1035.9
1292333040  9.0 59 1035.9
1292333100  9.0 59 1035.9
1292333160  9.0 59 1035.9
1292333220  9.0 59 1036.0
1292333280  9.0 59 1036.0
1292333340  9.0 59 1036.0
1292333400  9.0 59 1036.1
1292333460  9.0 59 1036.0
1292333520  9.0 59 1036.0
1292333580  9.0 59 1036.0
1292333640  9.0 59 1036.0
1292333700  9.0 59 1036.1
1292333760  9.0 59 1036.1
1292333820  9.0 59 1036.1
1292333880  9.0 59 1036.2
1292333940  9.0 59 1036.2
1292334000  9.0 59 1036.1
1292334060  9.0 59 1036.2
1292334120  9.0 59 1036.2
1292334180  9.0 59 1036.2
1292334240  9.0 59 1036.2
1292334300  9.0 59 1036.2
1292334360  9.0 59 1036.2
1292334420  9.0 59 1036.2
1292334480  9.0 59 1036.2
1292334540  9.0 59 1036.2
1292334600  9.0 59 1036.2
1292334660  9.0 59 1036.2
1292334720  9.0 59 1036.2
1292334780  9.0 59 1036.2
1292334840  9.0 59 1036.2
1292334900  9.0 59 1036.2
1292334960  9.0 59 1036.2
1292335020  9.0 59 1036.2
1292335080  9.0 59 1036.2
1292335140  9.0 59 1036.3
1292335200  9.0 59 1036.2
1292335260  9.0 59 1036.2
1292335320  9.0 59 1036.2
1292335380  9.0 59 1036.2
1292335440  9.0 59 1036.2
1292335500  9.0 59 1036.2
1292335560  9.0 59 1036.2
1292335620  9.0 59 1036.2
1292335680  9.0 59 1036.2
1292335740  9.0 59 1036.2
1292335800  9.0 59 1036.2
1292335860  9.0 59 1036.2
1292335920  9.0 59 1036.2
1292335980  9.0 59 1036.2
1292336040  9.0 59 1036.2
1292336100  9.0 59 1036.2
1292336160  9.0 59 1036.3
1292336220  9.0 59 1036.2
1292336280  9.0 59 1036.3
1292336340  9.0 59 1036.2
1292336400  9.0 59 1036.3
1292336460  9.0 59 1036.2
1292336520  9.0 59 1036.3
1292336580  9.0 59 1036.3
1292336640  9.0 59 1036.3
1292336700  9.0 59 1036.4
1292336760  9.0 59 1036.6
1292336820  9.0 59 1036.5
1292336880  9.0 59 1036.5
1292336940  9.0 59 1036.5
1292337000  9.0 59 1036.5
1292337060  9.0 59 1036.4
1292337120  9.0 59 1036.6
1292337180  9.0 59 1036.6
1292337240  9.0 59 1036.6
1292337300  9.0 59 1036.6
1292337360  9.0 59 1036.7
1292337420  9.0 59 1036.6
1292337480  9.0 59 1036.6
1292337540  9.0 59 1036.6
1292337600  9.0 59 1036.7
1292337660  9.0 59 1036.7
1292337720  9.0 59 1036.7
1292337780  9.0 59 1036.7
1292337840  9.0 59 1036.7
1292337900  9.0 59 1036.6
1292337960  9.0 59 1036.7
1292338020  9.0 59 1036.7
1292338080  9.0 59 1036.7
1292338140  9.0 59 1036.6
1292338200  9.0 59 1036.7
1292338260  9.0 59 1036.7
1292338320  9.0 59 1036.7
1292338380  9.0 59 1036.7
1292338440  9.0 59 1036.7
1292338500  9.0 59 1036.7
1292338560  9.0 59 1036.7
1292338620  9.0 59 1036.7
1292338680  9.1 59 1036.7
1292338740  9.0 59 1036.7
1292338800  9.0 59 1036.7
1292338860  9.0 59 1036.7
1292338920  9.0 59 1036.8
1292338980  9.0 59 1036.7
1292339040  9.0 59 1036.7
1292339100  9.0 59 1036.6
1292339160  9.0 59 1036.7
1292339220  9.0 59 1036.7
1292339280  9.0 59 1036.7
1292339340  9.0 59 1036.7
1292339400  9.0 59 1036.8
1292339460  9.0 59 1036.7
1292339520  9.0 59 1036.8
1292339580  9.0 59 1036.8
1292339640  9.0 59 1036.8
1292339700  9.0 59 1036.9
1292339760  9.0 59 1036.9
1292339820  9.0 59 1036.9
1292339880  9.0 59 1037.0
1292339940  9.0 59 1036.9
1292340000  9.0 59 1036.9
1292340060  9.0 59 1036.9
1292340120  9.0 59 1036.9
1292340180  9.0 59 1036.9
1292340240  9.0 59 1036.9
1292340300  9.0 59 1036.9
1292340360  9.1 59 1037.0
1292340420  9.0 59 1037.0
1292340480  9.0 59 1037.0
1292340540  9.0 59 1037.0
1292340600  9.0 59 1037.0
1292340660  9.0 59 1037.0
1292340720  9.0 59 1037.1
1292340780  9.0 59 1037.1
1292340840  9.0 59 1037.1
1292340900  9.0 59 1037.0
1292340960  9.0 59 1037.1
1292341020  9.0 59 1037.0
1292341080  9.0 59 1037.0
1292341140  9.0 59 1037.0
1292341200  9.0 59 1037.0
1292341260  9.0 59 1037.1
1292341320  9.0 59 1037.0
1292341380  9.0 59 1037.1
1292341440  9.0 59 1037.1
1292341500  9.0 59 1037.1
1292341560  9.0 59 1037.1
1292341620  9.0 59 1037.1
1292341680  9.0 59 1037.1
1292341740  9.0 59 1037.0
1292341800  9.0 59 1037.0
1292341860  9.0 59 1037.0
1292341920  9.0 59 1037.1
1292341980  9.0 59 1037.1
1292342040  9.0 59 1037.1
1292342100  9.0 59 1037.1
1292342160  9.0 59 1037.1
1292342220  9.0 59 1037.1
1292342280  9.1 59 1037.2
1292342340  9.0 59 1037.1
1292342400  9.0 59 1037.0
1292342460  9.0 59 1037.2
1292342520  9.0 59 1037.1
1292342580  9.0 59 1037.1
1292342640  9.0 59 1037.1
1292342700  9.0 59 1037.1
1292342760  9.0 59 1037.1
1292342820  9.0 59 1037.1
1292342880  9.0 59 1037.1
1292342940  9.0 59 1037.1
1292343000  9.0 59 1037.0
1292343060  9.0 59 1037.1
1292343120  9.0 59 1037.1
1292343180  9.0 59 1037.1
1292343240  9.0 59 1037.1
1292343300  9.0 59 1037.2
1292343360  9.0 59 1037.2
1292343420  9.0 59 1037.2
1292343480  9.0 59 1037.2
1292343540  9.0 59 1037.3
1292343600  9.0 59 1037.3
1292343660  9.0 59 1037.2
1292343720  9.0 59 1037.2
1292343780  9.0 59 1037.2
1292343840  9.0 59 1037.2
1292343900  9.0 59 1037.2
1292343960  9.0 59 1037.2
1292344020  9.0 59 1037.2
1292344080  9.0 59 1037.3
1292344140  9.0 59 1037.3
1292344200  9.0 59 1037.3
1292344260  9.0 59 1037.4
1292344320  9.0 59 1037.3
1292344380  9.0 59 1037.3
1292344440  9.0 59 1037.4
1292344500  9.0 59 1037.4
1292344560  9.0 59 1037.4
1292344620  9.0 59 1037.4
1292344680  9.0 59 1037.4
1292344740  9.0 59 1037.4
1292344800  9.0 59 1037.4
1292344860  9.0 59 1037.4
1292344920  9.0 59 1037.4
1292344980  9.0 59 1037.4
1292345040  9.0 59 1037.4
1292345100  9.0 59 1037.4
1292345160  9.0 59 1037.4
1292345220  9.0 59 1037.4
1292345280  9.0 59 1037.4
1292345340  9.0 59 1037.4
1292345400  9.0 59 1037.3
1292345460  9.0 59 1037.3
1292345520  9.0 59 1037.4
1292345580  9.0 59 1037.4
1292345640  9.0 59 1037.4
1292345700  9.0 59 1037.4
1292345760  9.0 59 1037.4
1292345880  9.0 59 1037.4
1292345940  9.0 59 1037.5
1292346000  9.0 59 1037.4
1292346060  9.0 59 1037.4
1292346120  9.0 59 1037.4
1292346180  9.0 59 1037.5
1292346240  9.0 59 1037.5
1292346300  9.0 59 1037.6
1292346360  9.0 59 1037.6
1292346420  9.0 59 1037.6
1292346480  9.0 59 1037.5
1292346540  9.0 59 1037.5
1292346600  9.0 59 1037.5
1292346660  9.0 59 1037.5
1292346720  9.0 59 1037.5
1292346780  9.0 59 1037.5
1292346840  9.0 59 1037.5
1292346900  9.0 59 1037.4
1292346960  9.0 59 1037.4
1292347140  9.0 59 1037.6
1292347200  9.0 59 1037.6
1292347260  9.0 59 1037.5
1292347320  9.0 59 1037.5
1292347380  9.0 59 1037.6
1292347440  9.0 59 1037.6
1292347500  9.0 59 1037.5
1292347560  9.0 59 1037.5
1292347620  9.0 59 1037.5
1292347680  9.0 59 1037.6
1292347740  9.0 59 1037.6
1292347800  9.0 59 1037.6
1292347860  9.0 59 1037.5
1292347920  9.0 59 1037.5
1292347980  9.0 59 1037.6
1292348040  9.0 59 1037.6
1292348100  9.0 59 1037.6
1292348160  9.0 59 1037.6
1292348220  9.0 59 1037.7
1292348280  9.0 59 1037.6
1292348340  9.0 59 1037.8
1292348400  9.0 59 1037.8
1292348460  9.0 59 1037.7
1292348520  9.0 59 1037.7
1292348580  9.0 59 1037.7
1292348640  9.0 59 1037.8
1292348700  9.0 59 1037.8
1292348760  9.0 59 1037.8
1292348820  9.0 59 1037.8
1292348880  9.0 59 1037.8
1292348940  9.0 59 1037.9
1292349000  9.0 59 1037.9
1292349060  9.0 59 1037.9
1292349120  9.0 59 1038.0
1292349180  9.0 59 1038.0
1292349240  9.0 59 1038.0
1292349300  9.0 59 1038.0
1292349360  9.0 59 1038.0
1292349420  9.0 59 1038.0
1292349480  9.0 59 1037.9
1292349540  9.0 59 1038.1
1292349600  9.0 59 1038.0
1292349660  9.0 59 1038.1
1292349720  8.9 59 1038.1
1292349780  9.0 59 1038.0
1292349840  8.9 59 1038.1
1292349900  9.0 59 1038.1
1292349960  9.0 59 1038.1
1292350020  9.0 59 1038.1
1292350080  9.0 59 1038.1
1292350140  9.0 59 1038.1
1292350200  9.0 59 1038.1
1292350260  9.0 59 1038.1
1292350320  9.0 59 1038.1
1292350380  9.0 59 1038.1
1292350440  9.0 59 1038.1
1292350500  9.0 59 1038.0
1292350560  9.0 59 1038.0
1292350740  9.0 59 1038.1
1292350800  9.0 59 1038.1
1292350860  9.0 59 1038.1
1292350920  9.0 59 1038.1
1292350980  9.0 59 1038.1
1292351040  9.0 59 1038.1
1292351100  9.0 59 1038.1
1292351160  9.0 59 1038.1
1292351220  9.0 59 1038.1
1292351280  9.0 59 1038.1
1292351340  9.0 59 1038.1
1292351400  9.0 59 1038.1
1292351460  9.0 59 1038.1
1292351520  9.0 59 1038.2
1292351580  9.0 59 1038.2
1292351640  9.0 59 1038.2
1292351700  9.0 59 1038.2
1292351760  9.0 59 1038.2
1292351820  9.0 59 1038.2
1292351880  9.0 59 1038.2
1292351940  9.0 59 1038.2
1292352000  9.0 59 1038.2
1292352060  9.0 59 1038.2
1292352120  9.0 59 1038.2
1292352180  9.0 59 1038.2
1292352240  9.0 59 1038.2
1292352300  9.0 59 1038.2
1292352360  9.0 59 1038.2
1292352420  9.0 59 1038.2
1292352480  9.0 59 1038.2
1292352540  9.0 59 1038.2
1292352600  8.9 59 1038.3
1292352660  8.9 59 1038.2
1292352720  8.9 59 1038.3
1292352780  8.9 59 1038.3
1292352840  9.0 59 1038.3
1292352900  9.0 59 1038.2
1292352960  9.0 59 1038.3
1292353020  9.0 59 1038.3
1292353080  9.0 59 1038.3
1292353140  9.0 59 1038.3
1292353200  8.9 59 1038.2
1292353260  9.0 59 1038.2
1292353320  8.9 59 1038.3
1292353380  8.9 59 1038.3
1292353440  8.9 59 1038.2
1292353500  8.9 59 1038.3
1292353560  8.9 59 1038.3
1292353620  8.9 59 1038.3
1292353680  8.9 59 1038.3
1292353740  8.9 59 1038.3
1292353800  8.9 59 1038.3
1292353860  8.9 59 1038.4
1292353920  8.9 59 1038.3
1292353980  8.9 59 1038.4
1292354040  8.9 59 1038.4
1292354100  8.9 59 1038.4
1292354220  8.9 59 1038.4
1292354280  8.9 59 1038.4
1292354340  8.9 59 1038.4
1292354400  9.0 59 1038.4
1292354460  8.9 59 1038.5
1292354520  8.9 59 1038.6
1292354580  8.9 59 1038.6
1292354640  9.0 59 1038.6
1292354700  8.9 59 1038.4
1292354760  8.9 59 1038.6
1292354820  9.0 59 1038.7
1292354880  9.0 59 1038.7
1292354940  9.0 59 1038.7
1292355000  8.9 59 1038.7
1292355060  8.9 59 1038.7
1292355120  8.9 59 1038.6
1292355180  8.9 59 1038.7
1292355240  8.9 59 1038.7
1292355300  8.9 59 1038.7
1292355360  8.9 59 1038.8
1292355420  8.9 59 1038.7
1292355480  8.9 59 1038.7
1292355540  8.9 59 1038.7
1292355600  8.9 59 1038.7
1292355660  8.9 59 1038.7
1292355720  8.9 59 1038.7
1292355780  9.0 59 1038.7
1292355840  8.9 59 1038.7
1292355900  9.0 59 1038.8
1292355960  8.9 59 1038.7
1292356020  8.9 59 1038.7
1292356080  8.9 59 1038.7
1292356140  8.9 59 1038.7
1292356200  8.9 59 1038.7
1292356260  8.9 59 1038.7
1292356320  8.9 59 1038.7
1292356380  8.9 59 1038.7
1292356440  8.9 59 1038.8
1292356500  8.9 59 1038.8
1292356560  8.9 59 1038.7
1292356620  8.9 59 1038.8
1292356680  8.9 59 1038.8
1292356740  8.9 59 1038.8
1292356800  8.9 59 1038.8
1292356860  8.9 59 1038.8
1292356920  8.9 59 1038.9
1292356980  8.9 59 1039.0
1292357040  8.9 59 1038.9
1292357100  8.9 59 1038.9
1292357160  8.9 59 1039.0
1292357220  8.9 59 1039.1
1292357280  8.9 59 1039.0
1292357340  8.9 59 1039.0
1292357400  8.9 59 1039.0
1292357460  8.9 59 1038.9
1292357520  8.9 59 1039.0
1292357580  8.9 59 1039.0
1292357640  8.9 59 1039.0
1292357700  8.9 59 1039.0
1292357820  8.9 59 1039.0
1292357880  8.9 59 1039.0
1292357940  8.9 59 1039.0
1292358000  8.9 59 1039.0
1292358060  8.9 59 1039.1
1292358120  8.9 59 1039.1
1292358180  8.9 59 1039.0
1292358240  8.9 59 1039.1
1292358300  8.9 59 1039.1
1292358360  8.9 59 1039.1
1292358420  8.9 59 1039.2
1292358480  8.9 59 1039.2
1292358540  8.9 59 1039.2
1292358600  8.9 59 1039.1
1292358660  8.9 59 1039.2
1292358720  8.9 59 1039.2
1292358780  8.9 59 1039.3
1292358840  8.9 59 1039.3
1292358900  8.9 59 1039.2
1292358960  8.9 59 1039.3
1292359020  8.9 59 1039.2
1292359080  8.9 59 1039.2
1292359140  8.9 59 1039.2
1292359200  8.9 59 1039.2
1292359260  8.9 59 1039.2
1292359320  8.9 59 1039.1
1292359380  8.9 59 1039.1
1292359440  8.9 59 1039.2
1292359500  8.9 59 1039.2
1292359560  8.9 59 1039.2
1292359620  8.9 59 1039.2
1292359680  8.9 59 1039.2
1292359740  8.9 59 1039.2
1292359800  8.9 59 1039.2
1292359860  8.9 59 1039.2
1292359920  8.9 59 1039.1
1292359980  8.9 59 1039.2
1292360040  8.9 59 1039.3
1292360100  8.9 59 1039.3
1292360160  8.9 59 1039.2
1292360220  8.9 59 1039.3
1292360280  8.9 59 1039.3
1292360340  8.9 59 1039.3
1292360400  8.9 59 1039.1
1292360460  8.9 59 1039.3
1292360520  8.9 59 1039.3
1292360580  8.9 59 1039.3
1292360640  8.9 59 1039.3
1292360760  8.9 59 1039.3
1292360820  8.9 59 1039.3
1292360880  8.9 59 1039.2
1292360940  8.9 59 1039.2
1292361000  8.9 59 1039.2
1292361060  8.9 59 1039.2
1292361120  8.9 59 1039.3
1292361180  8.9 59 1039.3
1292361240  8.9 59 1039.3
1292361300  8.9 59 1039.3
1292361420  8.9 59 1039.3
1292361480  8.9 59 1039.2
1292361540  8.9 59 1039.2
1292361600  8.9 59 1039.2
1292361660  8.9 59 1039.2
1292361720  8.9 59 1039.3
1292361780  8.9 59 1039.3
1292361840  8.9 59 1039.3
1292361900  8.9 59 1039.3
1292361960  8.9 59 1039.3
1292362020  8.9 59 1039.3
1292362080  8.9 59 1039.3
1292362140  8.9 59 1039.4
1292362200  8.9 59 1039.4
1292362260  8.9 59 1039.4
1292362320  8.9 59 1039.3
1292362380  8.9 59 1039.3
1292362440  8.9 59 1039.3
1292362500  8.9 59 1039.4
1292362560  8.9 59 1039.3
1292362620  8.8 59 1039.3
1292362680  8.9 59 1039.3
1292362740  8.9 59 1039.3
1292362800  8.9 59 1039.3
1292362860  8.9 59 1039.3
1292362920  8.9 59 1039.3
1292362980  8.9 59 1039.3
1292363040  8.9 59 1039.3
1292363100  8.9 59 1039.3
1292363160  8.8 58 1039.3
1292363220  8.8 58 1039.3
1292363280  8.8 58 1039.2
1292363340  8.8 58 1039.3
1292363400  8.8 58 1039.3
1292363460  8.8 58 1039.3
1292363520  8.8 59 1039.2
1292363580  8.8 59 1039.3
1292363640  8.8 59 1039.2
1292363700  8.8 58 1039.3
1292363760  8.8 58 1039.2
1292363820  8.8 58 1039.3
1292363880  8.9 58 1039.3
1292363940  8.8 58 1039.3
1292364000  8.9 58 1039.3
1292364060  8.9 58 1039.3
1292364120  8.8 58 1039.3
1292364180  8.8 58 1039.3
1292364240  8.8 58 1039.3
1292364300  8.8 58 1039.3
1292364360  8.8 58 1039.4
1292364420  8.8 58 1039.5
1292364480  8.8 58 1039.3
1292364540  8.8 58 1039.4
1292364600  8.8 58 1039.4
1292364660  8.8 58 1039.4
1292364720  8.8 58 1039.4
1292364780  8.8 58 1039.5
1292364840  8.8 58 1039.5
1292364900  8.8 58 1039.5
1292364960  8.8 58 1039.5
1292365020  8.8 58 1039.6
1292365080  8.8 58 1039.5
1292365140  8.8 58 1039.5
1292365200  8.8 58 1039.5
1292365260  8.8 58 1039.5
1292365320  8.8 58 1039.5
1292365380  8.8 58 1039.6
1292365440  8.8 58 1039.6
1292365500  8.8 58 1039.6
1292365560  8.8 58 1039.5
1292365620  8.8 58 1039.5
1292365680  8.8 58 1039.5
1292365740  8.8 58 1039.5
1292365800  8.8 58 1039.5
1292365860  8.8 58 1039.5
1292365920  8.8 58 1039.6
1292365980  8.8 58 1039.6
1292366040  8.8 58 1039.6
1292366100  8.8 58 1039.5
1292366160  8.8 58 1039.7
1292366220  8.8 58 1039.7
1292366280  8.8 58 1039.7
1292366340  8.8 58 1039.6
1292366400  8.8 58 1039.7
1292366460  8.8 58 1039.7
1292366520  8.8 58 1039.7
1292366580  8.8 58 1039.7
1292366640  8.8 58 1039.6
1292366700  8.8 58 1039.7
1292366760  8.8 58 1039.6
1292366820  8.8 58 1039.7
1292366880  8.8 58 1039.7
1292366940  8.8 58 1039.7
1292367000  8.8 58 1039.7
1292367060  8.8 58 1039.7
1292367120  8.8 58 1039.7
1292367180  8.8 58 1039.7
1292367240  8.8 58 1039.7
1292367300  8.8 58 1039.7
1292367360  8.8 58 1039.7
1292367420  8.8 58 1039.7
1292367480  8.8 58 1039.7
1292367540  8.8 58 1039.7
1292367600  8.8 58 1039.7
1292367660  8.8 58 1039.7
1292367720  8.8 58 1039.7
1292367780  8.8 58 1039.7
1292367840  8.8 58 1039.6
1292367900  8.8 58 1039.6
1292367960  8.8 58 1039.7
1292368020  8.8 58 1039.6
1292368080  8.8 58 1039.7
1292368140  8.8 58 1039.8
1292368200  8.8 58 1039.8
1292368260  8.8 58 1039.8
1292368320  8.8 58 1039.8
1292368380  8.8 58 1039.7
1292368440  8.8 58 1039.7
1292368500  8.8 58 1039.6
1292368560  8.8 58 1039.7
1292368620  8.8 58 1039.7
1292368680  8.8 58 1039.6
1292368740  8.8 58 1039.8
1292368800  8.8 58 1039.8
1292368860  8.8 58 1039.8
1292368920  8.8 58 1039.8
1292368980  8.8 58 1039.8
1292369040  8.8 58 1039.9
1292369100  8.8 58 1039.8
1292369160  8.8 58 1039.9
1292369220  8.8 58 1039.8
1292369280  8.8 58 1039.7
1292369340  8.8 58 1039.8
1292369400  8.8 58 1039.8
1292369460  8.8 58 1039.8
1292369520  8.8 58 1039.8
1292369580  8.8 58 1039.8
1292369640  8.8 58 1039.7
1292369700  8.8 58 1039.9
1292369760  8.8 58 1039.8
1292369880  8.8 58 1039.8
1292369940  8.8 58 1039.9
1292370000  8.8 58 1039.9
1292370060  8.8 58 1039.9
1292370120  8.8 58 1039.9
1292370180  8.8 58 1039.9
1292370240  8.8 58 1039.8
1292370300  8.8 58 1039.9
1292370360  8.8 58 1039.9
1292370420  8.8 58 1039.9
1292370480  8.8 58 1039.9
1292370540  8.8 58 1039.9
1292370600  8.8 58 1039.9
1292370660  8.8 58 1039.9
1292370720  8.8 58 1039.9
1292370780  8.8 58 1039.9
1292370840  8.8 58 1039.9
1292370900  8.8 58 1039.9
1292370960  8.8 58 1039.9
1292371020  8.8 58 1039.9
1292371080  8.8 58 1039.9
1292371140  8.8 58 1039.9
